  0.00000E+00  0.13145E-01 -0.00000E+00  0.20840E-01 -0.00000E+00  0.32364E-01 -0.00000E+00
  0.50000E-01  0.11696E-01 -0.00000E+00  0.18783E-01 -0.00000E+00  0.29331E-01 -0.00000E+00
  0.10000E+00  0.77326E-02 -0.00000E+00  0.13203E-01 -0.00000E+00  0.21039E-01 -0.00000E+00
  0.15000E+00  0.23057E-02 -0.00000E+00  0.57105E-02 -0.00000E+00  0.97054E-02 -0.00000E+00
  0.20000E+00 -0.31528E-02 -0.00000E+00 -0.14775E-02 -0.00000E+00 -0.15941E-02 -0.00000E+00
  0.25000E+00 -0.72122E-02 -0.00000E+00 -0.61218E-02 -0.00000E+00 -0.96929E-02 -0.00000E+00
  0.30000E+00 -0.88246E-02 -0.00000E+00 -0.65474E-02 -0.00000E+00 -0.12113E-01 -0.00000E+00
  0.35000E+00 -0.75999E-02 -0.00000E+00 -0.20974E-02 -0.00000E+00 -0.76776E-02 -0.00000E+00
  0.40000E+00 -0.38929E-02 -0.00000E+00  0.66851E-02 -0.00000E+00  0.32293E-02 -0.00000E+00
  0.45000E+00  0.12952E-02 -0.00000E+00  0.18148E-01 -0.00000E+00  0.18749E-01 -0.00000E+00
  0.50000E+00  0.65943E-02 -0.00000E+00  0.29910E-01 -0.00000E+00  0.36013E-01 -0.00000E+00
  0.55000E+00  0.10624E-01 -0.33326E-02  0.39406E-01  0.78248E-01  0.51822E-01  0.92883E-01
  0.60000E+00  0.12341E-01  0.21612E-01  0.44456E-01  0.65268E-01  0.63358E-01  0.81707E-01
  0.65000E+00  0.11284E-01  0.16929E-01  0.43738E-01  0.41442E-01  0.68786E-01  0.69530E-01
  0.70000E+00  0.76491E-02  0.83382E-02  0.37032E-01  0.29848E-01  0.67567E-01  0.63356E-01
  0.75000E+00  0.22044E-02  0.12663E-01  0.25231E-01  0.13598E-01  0.60481E-01  0.57134E-01
  0.80000E+00 -0.39561E-02  0.16082E-01  0.10056E-01  0.88937E-02  0.49292E-01  0.49915E-01
  0.85000E+00 -0.97027E-02 -0.12893E-02 -0.63521E-02 -0.16060E-01  0.36268E-01  0.28773E-01
  0.90000E+00 -0.14151E-01 -0.34272E-01 -0.21900E-01 -0.24608E-01  0.23622E-01  0.14961E-01
  0.95000E+00 -0.16847E-01 -0.56007E-01 -0.34969E-01 -0.31322E-01  0.13019E-01  0.66328E-02
  0.10000E+01 -0.17815E-01 -0.43759E-01 -0.44669E-01 -0.38632E-01  0.53058E-02  0.56734E-02
  0.10500E+01 -0.17467E-01 -0.89043E-02 -0.50889E-01 -0.43346E-01  0.46307E-03  0.66329E-02
  0.11000E+01 -0.16420E-01  0.16656E-01 -0.54181E-01 -0.48207E-01 -0.22137E-02  0.63923E-02
  0.11500E+01 -0.15277E-01  0.13393E-01 -0.55488E-01 -0.56978E-01 -0.37903E-02  0.36648E-03
  0.12000E+01 -0.14446E-01 -0.60551E-02 -0.55844E-01 -0.59937E-01 -0.53298E-02 -0.81671E-02
  0.12500E+01 -0.14040E-01 -0.22098E-01 -0.56093E-01 -0.57809E-01 -0.75901E-02 -0.10835E-01
  0.13000E+01 -0.13890E-01 -0.24305E-01 -0.56712E-01 -0.55095E-01 -0.10861E-01 -0.15428E-01
  0.13500E+01 -0.13652E-01 -0.22405E-01 -0.57776E-01 -0.59591E-01 -0.14957E-01 -0.18921E-01
  0.14000E+01 -0.12966E-01 -0.22869E-01 -0.59024E-01 -0.60689E-01 -0.19358E-01 -0.24693E-01
  0.14500E+01 -0.11612E-01 -0.21708E-01 -0.60018E-01 -0.62106E-01 -0.23421E-01 -0.27618E-01
  0.15000E+01 -0.96141E-02 -0.77886E-02 -0.60317E-01 -0.57813E-01 -0.26600E-01 -0.26251E-01
  0.15500E+01 -0.72539E-02  0.11851E-01 -0.59624E-01 -0.54499E-01 -0.28602E-01 -0.20960E-01
  0.16000E+01 -0.50014E-02  0.21155E-01 -0.57861E-01 -0.54271E-01 -0.29444E-01 -0.19472E-01
  0.16500E+01 -0.33773E-02  0.88081E-02 -0.55167E-01 -0.55809E-01 -0.29402E-01 -0.23441E-01
  0.17000E+01 -0.27948E-02 -0.13865E-01 -0.51826E-01 -0.53426E-01 -0.28879E-01 -0.29381E-01
  0.17500E+01 -0.34297E-02 -0.23819E-01 -0.48165E-01 -0.50065E-01 -0.28253E-01 -0.33590E-01
  0.18000E+01 -0.51552E-02 -0.13383E-01 -0.44451E-01 -0.46620E-01 -0.27745E-01 -0.31252E-01
  0.18500E+01 -0.75604E-02  0.44462E-03 -0.40830E-01 -0.44798E-01 -0.27352E-01 -0.30305E-01
  0.19000E+01 -0.10047E-01 -0.26642E-02 -0.37305E-01 -0.41666E-01 -0.26867E-01 -0.29727E-01
  0.19500E+01 -0.11972E-01 -0.25066E-01 -0.33778E-01 -0.34101E-01 -0.25959E-01 -0.30142E-01
  0.20000E+01 -0.12798E-01 -0.44066E-01 -0.30115E-01 -0.29099E-01 -0.24299E-01 -0.29660E-01
  0.20500E+01 -0.12214E-01 -0.41169E-01 -0.26219E-01 -0.24504E-01 -0.21676E-01 -0.27639E-01
  0.21000E+01 -0.10186E-01 -0.15058E-01 -0.22080E-01 -0.23266E-01 -0.18076E-01 -0.19437E-01
  0.21500E+01 -0.69497E-02  0.78916E-02 -0.17802E-01 -0.21217E-01 -0.13698E-01 -0.11896E-01
  0.22000E+01 -0.29330E-02  0.12286E-01 -0.13576E-01 -0.16216E-01 -0.89087E-02 -0.53315E-02
  0.22500E+01  0.13559E-02  0.24716E-02 -0.96340E-02 -0.90474E-02 -0.41460E-02 -0.24290E-02
  0.23000E+01  0.54389E-02 -0.36686E-02 -0.61874E-02 -0.23467E-02  0.18575E-03  0.15777E-02
  0.23500E+01  0.89568E-02  0.49251E-02 -0.33751E-02 -0.36339E-02  0.38056E-02  0.49651E-02
  0.24000E+01  0.11714E-01  0.21295E-01 -0.12352E-02 -0.42548E-02  0.66048E-02  0.80878E-02
  0.24500E+01  0.13676E-01  0.31689E-01  0.29230E-03 -0.36796E-03  0.86442E-02  0.11054E-01
  0.25000E+01  0.14931E-01  0.28442E-01  0.13345E-02  0.30810E-02  0.10105E-01  0.14018E-01
  0.25500E+01  0.15630E-01  0.18734E-01  0.20435E-02  0.56847E-02  0.11215E-01  0.13146E-01
  0.26000E+01  0.15933E-01  0.15321E-01  0.25508E-02  0.27053E-02  0.12176E-01  0.15354E-01
  0.26500E+01  0.15968E-01  0.17717E-01  0.29373E-02  0.35739E-02  0.13106E-01  0.14895E-01
  0.27000E+01  0.15816E-01  0.19847E-01  0.32255E-02  0.37762E-02  0.14020E-01  0.17667E-01
  0.27500E+01  0.15519E-01  0.17034E-01  0.33929E-02  0.87712E-02  0.14843E-01  0.17868E-01
  0.28000E+01  0.15098E-01  0.12805E-01  0.34012E-02  0.10661E-01  0.15457E-01  0.17219E-01
  0.28500E+01  0.14577E-01  0.12575E-01  0.32289E-02  0.71742E-02  0.15747E-01  0.18145E-01
  0.29000E+01  0.13990E-01  0.16468E-01  0.28952E-02 -0.80798E-03  0.15647E-01  0.19810E-01
  0.29500E+01  0.13387E-01  0.21613E-01  0.24699E-02 -0.43859E-02  0.15168E-01  0.15608E-01
  0.30000E+01  0.12816E-01  0.20345E-01  0.20627E-02 -0.63897E-02  0.14388E-01  0.13204E-01
  0.30500E+01  0.12304E-01  0.12628E-01  0.17997E-02 -0.36485E-02  0.13434E-01  0.92350E-02
  0.31000E+01  0.11845E-01  0.57732E-02  0.17930E-02  0.30622E-02  0.12443E-01  0.10547E-01
  0.31500E+01  0.11396E-01  0.42209E-02  0.21128E-02  0.61708E-03  0.11525E-01  0.92389E-02
  0.32000E+01  0.10883E-01  0.90159E-02  0.27723E-02 -0.39339E-02  0.10740E-01  0.98501E-02
  0.32500E+01  0.10222E-01  0.14650E-01  0.37262E-02 -0.72748E-02  0.10086E-01  0.10339E-01
  0.33000E+01  0.93484E-02  0.19072E-01  0.48854E-02 -0.65328E-02  0.95162E-02  0.93448E-02
  0.33500E+01  0.82347E-02  0.17455E-01  0.61399E-02 -0.15083E-02  0.89587E-02  0.90445E-02
  0.34000E+01  0.69067E-02  0.10941E-01  0.73846E-02  0.62188E-02  0.83459E-02  0.94905E-02
  0.34500E+01  0.54378E-02  0.78853E-03  0.85402E-02  0.12547E-01  0.76363E-02  0.94169E-02
  0.35000E+01  0.39341E-02 -0.69391E-02  0.95639E-02  0.16898E-01  0.68267E-02  0.83161E-02
  0.35500E+01  0.25082E-02 -0.98894E-02  0.10448E-01  0.18187E-01  0.59500E-02  0.97631E-02
  0.36000E+01  0.12536E-02 -0.41806E-02  0.11211E-01  0.16490E-01  0.50629E-02  0.80677E-02
  0.36500E+01  0.22414E-03  0.22177E-02  0.11881E-01  0.16744E-01  0.42277E-02  0.49965E-02
  0.37000E+01 -0.57369E-03  0.49617E-02  0.12480E-01  0.14054E-01  0.34944E-02  0.25759E-02
  0.37500E+01 -0.11752E-02  0.20084E-02  0.13020E-01  0.13951E-01  0.28900E-02  0.34260E-02
  0.38000E+01 -0.16418E-02 -0.46063E-02  0.13490E-01  0.15532E-01  0.24156E-02  0.35046E-02
  0.38500E+01 -0.20393E-02 -0.94919E-02  0.13871E-01  0.15962E-01  0.20517E-02  0.19165E-02
  0.39000E+01 -0.24190E-02 -0.11452E-01  0.14136E-01  0.13520E-01  0.17685E-02 -0.87610E-03
  0.39500E+01 -0.28047E-02 -0.10724E-01  0.14266E-01  0.16943E-01  0.15376E-02 -0.23154E-02
  0.40000E+01 -0.31907E-02 -0.78382E-02  0.14254E-01  0.18119E-01  0.13402E-02 -0.29234E-02
  0.40500E+01 -0.35484E-02 -0.53089E-02  0.14108E-01  0.24033E-01  0.11706E-02 -0.12748E-02
  0.41000E+01 -0.38403E-02 -0.45853E-02  0.13849E-01  0.24274E-01  0.10333E-02  0.11534E-02
  0.41500E+01 -0.40341E-02 -0.42732E-02  0.13509E-01  0.20775E-01  0.93764E-03  0.76521E-03
  0.42000E+01 -0.41141E-02 -0.60376E-02  0.13117E-01  0.15067E-01  0.89080E-03 -0.14414E-02
  0.42500E+01 -0.40850E-02 -0.10752E-01  0.12697E-01  0.15102E-01  0.89265E-03 -0.31096E-02
  0.43000E+01 -0.39705E-02 -0.13857E-01  0.12265E-01  0.12992E-01  0.93376E-03 -0.58672E-02
  0.43500E+01 -0.38034E-02 -0.13118E-01  0.11823E-01  0.15863E-01  0.99797E-03 -0.34546E-02
  0.44000E+01 -0.36156E-02 -0.10148E-01  0.11370E-01  0.14486E-01  0.10670E-02 -0.27818E-02
  0.44500E+01 -0.34290E-02 -0.47303E-02  0.10896E-01  0.12017E-01  0.11258E-02 -0.15770E-02
  0.45000E+01 -0.32507E-02 -0.16031E-02  0.10397E-01  0.17114E-01  0.11669E-02 -0.49599E-03
  0.45500E+01 -0.30732E-02 -0.60581E-03  0.98687E-02  0.18134E-01  0.11920E-02 -0.14472E-02
  0.46000E+01 -0.28809E-02  0.52176E-03  0.93140E-02  0.17887E-01  0.12097E-02  0.36172E-03
  0.46500E+01 -0.26569E-02  0.18049E-02  0.87385E-02  0.14600E-01  0.12321E-02  0.39339E-02
  0.47000E+01 -0.23920E-02  0.25943E-02  0.81504E-02  0.75299E-02  0.12694E-02  0.29564E-02
  0.47500E+01 -0.20886E-02  0.24318E-02  0.75576E-02  0.29248E-02  0.13262E-02  0.42509E-03
  0.48000E+01 -0.17617E-02  0.10986E-02  0.69665E-02  0.30487E-02  0.13996E-02  0.34607E-02
  0.48500E+01 -0.14354E-02  0.13522E-02  0.63816E-02  0.79698E-02  0.14795E-02  0.41317E-02
  0.49000E+01 -0.11365E-02  0.59221E-02  0.58062E-02  0.12236E-01  0.15519E-02  0.62578E-02
  0.49500E+01 -0.88748E-03  0.11557E-01  0.52433E-02  0.10893E-01  0.16025E-02  0.67169E-02
  0.50000E+01 -0.70155E-03  0.13838E-01  0.46973E-02  0.56033E-02  0.16207E-02  0.48334E-02
  0.50500E+01 -0.58014E-03  0.10690E-01  0.41733E-02 -0.32877E-02  0.16019E-02  0.46082E-02
  0.51000E+01 -0.51395E-03  0.46331E-02  0.36774E-02 -0.21261E-02  0.15480E-02  0.55003E-02
  0.51500E+01 -0.48700E-03  0.15675E-02  0.32149E-02 -0.13382E-02  0.14658E-02  0.32897E-02
  0.52000E+01 -0.48155E-03  0.19774E-02  0.27891E-02  0.76298E-03  0.13646E-02  0.48099E-02
  0.52500E+01 -0.48292E-03  0.28708E-02  0.23998E-02  0.56346E-03  0.12536E-02  0.24275E-02
  0.53000E+01 -0.48250E-03  0.39803E-02  0.20434E-02 -0.12692E-03  0.11391E-02  0.37341E-02
  0.53500E+01 -0.47843E-03  0.47965E-02  0.17133E-02 -0.30396E-02  0.10238E-02  0.23385E-02
  0.54000E+01 -0.47412E-03  0.42363E-02  0.14017E-02 -0.18114E-02  0.90735E-03  0.14171E-02
  0.54500E+01 -0.47551E-03  0.38694E-02  0.11017E-02 -0.25021E-03  0.78743E-03  0.62873E-03
  0.55000E+01 -0.48805E-03  0.48698E-02  0.80925E-03 -0.95225E-03  0.66166E-03 -0.20345E-03
  0.55500E+01 -0.51457E-03  0.45018E-02  0.52372E-03 -0.18709E-02  0.52899E-03  0.10946E-02
  0.56000E+01 -0.55451E-03  0.28102E-02  0.24816E-03 -0.32848E-02  0.39043E-03  0.15158E-02
  0.56500E+01 -0.60474E-03  0.20173E-02 -0.11835E-04 -0.44075E-02  0.24880E-03  0.53470E-03
  0.57000E+01 -0.66110E-03 -0.24530E-02 -0.25014E-03 -0.21356E-02  0.10791E-03  0.16584E-02
  0.57500E+01 -0.72043E-03 -0.71893E-02 -0.46181E-03 -0.15586E-02 -0.28764E-04 -0.92082E-03
  0.58000E+01 -0.78181E-03 -0.90229E-02 -0.64478E-03 -0.13809E-02 -0.15904E-03 -0.98537E-04
  0.58500E+01 -0.84706E-03 -0.87322E-02 -0.80042E-03 -0.35225E-02 -0.28264E-03 -0.32418E-02
  0.59000E+01 -0.91990E-03 -0.68796E-02 -0.93325E-03 -0.27430E-02 -0.40103E-03 -0.21612E-02
  0.59500E+01 -0.10046E-02 -0.51387E-02 -0.10497E-02 -0.96653E-03 -0.51673E-03 -0.18373E-02
  0.60000E+01 -0.11040E-02 -0.37840E-02 -0.11566E-02 -0.13179E-03 -0.63231E-03 -0.38104E-02
  0.60500E+01 -0.12185E-02 -0.36687E-02 -0.12595E-02 -0.19059E-02 -0.74947E-03 -0.27922E-02
  0.61000E+01 -0.13454E-02 -0.56267E-02 -0.13616E-02 -0.22786E-02 -0.86841E-03 -0.24720E-02
  0.61500E+01 -0.14790E-02 -0.71253E-02 -0.14636E-02 -0.92506E-03 -0.98773E-03 -0.24028E-02
  0.62000E+01 -0.16120E-02 -0.90162E-02 -0.15636E-02  0.42358E-03 -0.11048E-02 -0.14970E-02
  0.62500E+01 -0.17372E-02 -0.10384E-01 -0.16588E-02  0.25373E-02 -0.12163E-02 -0.22604E-02
  0.63000E+01 -0.18483E-02 -0.85887E-02 -0.17460E-02  0.48384E-02 -0.13191E-02 -0.35974E-02
  0.63500E+01 -0.19414E-02 -0.81813E-02 -0.18230E-02  0.51682E-02 -0.14108E-02 -0.41835E-02
  0.64000E+01 -0.20149E-02 -0.63607E-02 -0.18893E-02  0.16656E-02 -0.14896E-02 -0.55729E-02
  0.64500E+01 -0.20694E-02 -0.52270E-02 -0.19461E-02 -0.30879E-02 -0.15549E-02 -0.41517E-02
  0.65000E+01 -0.21062E-02 -0.66676E-02 -0.19956E-02 -0.48657E-02 -0.16068E-02 -0.58186E-02
  0.65500E+01 -0.21275E-02 -0.79398E-02 -0.20409E-02 -0.12705E-02 -0.16456E-02 -0.44733E-02
  0.66000E+01 -0.21345E-02 -0.74983E-02 -0.20845E-02  0.65670E-03 -0.16719E-02 -0.31614E-02
  0.66500E+01 -0.21279E-02 -0.57413E-02 -0.21279E-02  0.14857E-02 -0.16867E-02 -0.31947E-02
  0.67000E+01 -0.21078E-02 -0.39938E-02 -0.21714E-02 -0.23481E-02 -0.16909E-02 -0.54153E-02
  0.67500E+01 -0.20739E-02 -0.40398E-02 -0.22138E-02 -0.54596E-02 -0.16857E-02 -0.37804E-02
  0.68000E+01 -0.20263E-02 -0.64965E-02 -0.22534E-02 -0.65534E-02 -0.16730E-02 -0.50017E-02
  0.68500E+01 -0.19656E-02 -0.50135E-02 -0.22877E-02 -0.54970E-02 -0.16549E-02 -0.54302E-02
  0.69000E+01 -0.18934E-02 -0.44246E-02 -0.23150E-02 -0.76753E-02 -0.16338E-02 -0.67006E-02
  0.69500E+01 -0.18119E-02 -0.91710E-03 -0.23340E-02 -0.66845E-02 -0.16117E-02 -0.36005E-02
  0.70000E+01 -0.17237E-02  0.40517E-03 -0.23443E-02 -0.95309E-02 -0.15905E-02 -0.46464E-02
  0.70500E+01 -0.16312E-02 -0.56085E-03 -0.23468E-02 -0.82936E-02 -0.15710E-02 -0.71256E-02
  0.71000E+01 -0.15364E-02 -0.34975E-02 -0.23427E-02 -0.87380E-02 -0.15534E-02 -0.63549E-02
  0.71500E+01 -0.14406E-02 -0.40607E-02 -0.23336E-02 -0.11581E-01 -0.15367E-02 -0.67639E-02
  0.72000E+01 -0.13444E-02 -0.25209E-02 -0.23213E-02 -0.11067E-01 -0.15197E-02 -0.62371E-02
  0.72500E+01 -0.12480E-02  0.21361E-02 -0.23070E-02 -0.88421E-02 -0.15009E-02 -0.52833E-02
  0.73000E+01 -0.11515E-02  0.58645E-02 -0.22915E-02 -0.10021E-01 -0.14791E-02 -0.34672E-02
  0.73500E+01 -0.10551E-02  0.46883E-02 -0.22753E-02 -0.11115E-01 -0.14534E-02 -0.47854E-02
  0.74000E+01 -0.95908E-03  0.21029E-02 -0.22582E-02 -0.91444E-02 -0.14239E-02 -0.40864E-02
  0.74500E+01 -0.86429E-03  0.22809E-03 -0.22398E-02 -0.72306E-02 -0.13909E-02 -0.54190E-02
  0.75000E+01 -0.77153E-03 -0.14179E-03 -0.22196E-02 -0.44704E-02 -0.13553E-02 -0.50485E-02
  0.75500E+01 -0.68161E-03  0.75647E-03 -0.21972E-02 -0.42261E-02 -0.13181E-02 -0.20392E-02
  0.76000E+01 -0.59511E-03  0.18179E-02 -0.21721E-02 -0.37197E-02 -0.12802E-02 -0.14241E-02
  0.76500E+01 -0.51224E-03  0.25540E-02 -0.21439E-02 -0.41566E-02 -0.12421E-02 -0.24110E-02
  0.77000E+01 -0.43292E-03  0.19593E-02 -0.21125E-02 -0.40278E-02 -0.12042E-02 -0.22437E-02
  0.77500E+01 -0.35679E-03  0.74947E-03 -0.20779E-02 -0.30326E-02 -0.11662E-02 -0.15674E-02
  0.78000E+01 -0.28349E-03 -0.36701E-03 -0.20401E-02 -0.37365E-02 -0.11280E-02 -0.31320E-02
  0.78500E+01 -0.21277E-03 -0.15560E-02 -0.19991E-02 -0.20969E-02 -0.10893E-02 -0.25768E-02
  0.79000E+01 -0.14461E-03 -0.28885E-02 -0.19552E-02  0.28110E-03 -0.10497E-02 -0.26313E-02
  0.79500E+01 -0.79299E-04 -0.38478E-02 -0.19087E-02  0.16864E-02 -0.10092E-02 -0.18433E-02
  0.80000E+01 -0.17366E-04 -0.45097E-02 -0.18599E-02  0.90769E-03 -0.96761E-03 -0.24583E-02
  0.80500E+01  0.40574E-04 -0.34881E-02 -0.18094E-02  0.11044E-02 -0.92491E-03 -0.17038E-02
  0.81000E+01  0.93923E-04 -0.97928E-03 -0.17577E-02  0.87712E-03 -0.88102E-03 -0.15059E-02
  0.81500E+01  0.14227E-03  0.84921E-03 -0.17055E-02  0.17369E-02 -0.83584E-03 -0.21635E-02
  0.82000E+01  0.18545E-03  0.11270E-02 -0.16535E-02 -0.50921E-03 -0.78923E-03 -0.78410E-03
  0.82500E+01  0.22356E-03  0.20886E-02 -0.16023E-02 -0.36530E-02 -0.74106E-03 -0.13178E-02
  0.83000E+01  0.25697E-03 -0.82138E-04 -0.15526E-02 -0.48909E-02 -0.69132E-03 -0.33639E-02
  0.83500E+01  0.28621E-03 -0.13971E-02 -0.15048E-02 -0.52629E-02 -0.64016E-03 -0.11791E-02
  0.84000E+01  0.31192E-03 -0.18656E-02 -0.14595E-02 -0.49602E-02 -0.58793E-03 -0.29230E-02
  0.84500E+01  0.33478E-03  0.53102E-03 -0.14169E-02 -0.20024E-02 -0.53513E-03 -0.90847E-03
  0.85000E+01  0.35550E-03  0.20955E-02 -0.13770E-02 -0.97324E-03 -0.48238E-03 -0.16028E-02
  0.85500E+01  0.37473E-03  0.33041E-02 -0.13400E-02 -0.36625E-02 -0.43029E-03 -0.15707E-02
  0.86000E+01  0.39312E-03  0.28889E-02 -0.13056E-02 -0.45750E-02 -0.37937E-03 -0.11881E-02
  0.86500E+01  0.41127E-03  0.20387E-02 -0.12735E-02 -0.15185E-02 -0.32992E-03 -0.15104E-03
  0.87000E+01  0.42966E-03  0.34784E-02 -0.12433E-02  0.15311E-02 -0.28199E-03 -0.46301E-03
  0.87500E+01  0.44872E-03  0.37712E-02 -0.12144E-02  0.28453E-02 -0.23542E-03  0.53870E-03
  0.88000E+01  0.46867E-03  0.46656E-02 -0.11865E-02  0.14653E-02 -0.18985E-03  0.20399E-02
  0.88500E+01  0.48957E-03  0.55397E-02 -0.11588E-02  0.96038E-03 -0.14488E-03  0.11141E-02
  0.89000E+01  0.51130E-03  0.65920E-02 -0.11310E-02  0.67808E-03 -0.10011E-03  0.17478E-02
  0.89500E+01  0.53358E-03  0.71703E-02 -0.11026E-02 -0.13927E-02 -0.55278E-04  0.12831E-02
  0.90000E+01  0.55600E-03  0.82237E-02 -0.10733E-02 -0.19259E-02 -0.10254E-04  0.15369E-02
  0.90500E+01  0.57816E-03  0.10045E-01 -0.10427E-02 -0.38985E-02  0.34902E-04  0.18276E-02
  0.91000E+01  0.59964E-03  0.10685E-01 -0.10107E-02 -0.32758E-02  0.79980E-04  0.39484E-02
  0.91500E+01  0.62014E-03  0.11773E-01 -0.97731E-03  0.17818E-03  0.12467E-03  0.55382E-02
  0.92000E+01  0.63946E-03  0.11253E-01 -0.94264E-03  0.47031E-02  0.16860E-03  0.37773E-02
  0.92500E+01  0.65753E-03  0.96519E-02 -0.90687E-03  0.13289E-02  0.21141E-03  0.14490E-02
  0.93000E+01  0.67436E-03  0.79330E-02 -0.87025E-03 -0.21576E-02  0.25277E-03  0.22643E-02
  0.93500E+01  0.69000E-03  0.49533E-02 -0.83312E-03  0.60673E-03  0.29241E-03  0.17669E-02
  0.94000E+01  0.70453E-03  0.37980E-02 -0.79581E-03  0.26889E-02  0.33012E-03  0.32576E-02
  0.94500E+01  0.71800E-03  0.37263E-02 -0.75861E-03  0.11873E-02  0.36574E-03  0.20147E-02
  0.95000E+01  0.73043E-03  0.40350E-02 -0.72181E-03  0.21140E-03  0.39915E-03  0.16914E-02
  0.95500E+01  0.74182E-03  0.34058E-02 -0.68560E-03 -0.27712E-03  0.43027E-03  0.73152E-03
  0.96000E+01  0.75214E-03  0.38912E-02 -0.65012E-03  0.47361E-04  0.45905E-03  0.18902E-02
  0.96500E+01  0.76136E-03  0.43888E-02 -0.61547E-03  0.11428E-03  0.48548E-03  0.32042E-02
  0.97000E+01  0.76950E-03  0.45325E-02 -0.58171E-03  0.69906E-03  0.50956E-03  0.54307E-02
  0.97500E+01  0.77657E-03  0.42233E-02 -0.54888E-03 -0.72917E-03  0.53135E-03  0.38155E-02
  0.98000E+01  0.78263E-03  0.33228E-02 -0.51704E-03 -0.20454E-02  0.55091E-03  0.19197E-02
  0.98500E+01  0.78772E-03  0.21516E-02 -0.48627E-03 -0.13082E-02  0.56835E-03  0.12183E-02
  0.99000E+01  0.79189E-03  0.12676E-02 -0.45667E-03  0.33593E-02  0.58377E-03  0.12244E-02
  0.99500E+01  0.79513E-03  0.11155E-02 -0.42836E-03  0.43668E-02  0.59729E-03  0.25057E-02
  0.10000E+02  0.79743E-03 -0.53306E-03 -0.40145E-03  0.42726E-02  0.60902E-03  0.27534E-02
  0.10050E+02  0.79876E-03 -0.14266E-02 -0.37601E-03 -0.36031E-03  0.61906E-03  0.12607E-02
  0.10100E+02  0.79905E-03 -0.29432E-02 -0.35210E-03 -0.90081E-03  0.62750E-03  0.11815E-02
  0.10150E+02  0.79827E-03 -0.29249E-02 -0.32970E-03 -0.12116E-03  0.63446E-03  0.12889E-02
  0.10200E+02  0.79637E-03 -0.26143E-02 -0.30873E-03  0.24255E-02  0.64002E-03  0.24658E-03
  0.10250E+02  0.79336E-03 -0.10525E-02 -0.28908E-03  0.40199E-02  0.64429E-03  0.81316E-03
  0.10300E+02  0.78926E-03 -0.32897E-03 -0.27059E-03  0.34574E-02  0.64735E-03  0.12255E-02
  0.10350E+02  0.78414E-03 -0.38263E-03 -0.25307E-03  0.37626E-02  0.64934E-03  0.13355E-02
  0.10400E+02  0.77807E-03 -0.10097E-02 -0.23637E-03  0.34041E-02  0.65034E-03  0.21699E-02
  0.10450E+02  0.77111E-03 -0.12719E-02 -0.22033E-03  0.13098E-02  0.65048E-03 -0.54335E-04
  0.10500E+02  0.76333E-03 -0.30732E-02 -0.20484E-03 -0.85316E-03  0.64984E-03 -0.12481E-02
  0.10550E+02  0.75478E-03 -0.43946E-02 -0.18983E-03 -0.67758E-03  0.64851E-03  0.72117E-03
  0.10600E+02  0.74552E-03 -0.38552E-02 -0.17526E-03 -0.19298E-02  0.64656E-03  0.14981E-02
  0.10650E+02  0.73561E-03 -0.48896E-02 -0.16112E-03 -0.31242E-02  0.64407E-03  0.63102E-03
  0.10700E+02  0.72512E-03 -0.48300E-02 -0.14742E-03 -0.28435E-02  0.64109E-03  0.14758E-03
  0.10750E+02  0.71414E-03 -0.50445E-02 -0.13418E-03 -0.41653E-02  0.63771E-03  0.11957E-02
  0.10800E+02  0.70282E-03 -0.42574E-02 -0.12140E-03 -0.29016E-02  0.63396E-03  0.17758E-02
  0.10850E+02  0.69132E-03 -0.39576E-02 -0.10908E-03 -0.75750E-03  0.62994E-03  0.13977E-02
  0.10900E+02  0.67982E-03 -0.48811E-02 -0.97196E-04  0.82376E-03  0.62572E-03  0.78017E-03
  0.10950E+02  0.66853E-03 -0.45596E-02 -0.85721E-04  0.15000E-02  0.62136E-03 -0.21994E-03
  0.11000E+02  0.65765E-03 -0.36921E-02 -0.74588E-04  0.13314E-02  0.61695E-03  0.42906E-03
  0.11050E+02  0.64737E-03 -0.17733E-02 -0.63726E-04  0.84256E-03  0.61253E-03  0.14457E-02
  0.11100E+02  0.63786E-03 -0.61342E-03 -0.53047E-04  0.15227E-02  0.60815E-03  0.36622E-02
  0.11150E+02  0.62923E-03 -0.31527E-03 -0.42458E-04  0.15993E-02  0.60383E-03  0.42570E-02
  0.11200E+02  0.62160E-03 -0.21750E-03 -0.31866E-04  0.45718E-03  0.59960E-03  0.39411E-02
  0.11250E+02  0.61501E-03 -0.96302E-03 -0.21184E-04 -0.59557E-03  0.59541E-03  0.12374E-02
  0.11300E+02  0.60951E-03 -0.18634E-02 -0.10339E-04  0.24208E-02  0.59124E-03  0.34135E-04
  0.11350E+02  0.60508E-03 -0.13311E-02  0.72739E-06  0.21037E-02  0.58703E-03  0.30225E-02
  0.11400E+02  0.60171E-03 -0.14453E-02  0.12048E-04  0.21931E-02  0.58272E-03  0.28984E-02
  0.11450E+02  0.59934E-03 -0.25497E-02  0.23634E-04  0.21657E-02  0.57825E-03  0.15045E-02
  0.11500E+02  0.59793E-03 -0.32031E-02  0.35472E-04  0.40610E-02  0.57354E-03  0.34600E-02
  0.11550E+02  0.59738E-03 -0.37189E-02  0.47525E-04  0.59928E-02  0.56852E-03  0.31811E-02
  0.11600E+02  0.59760E-03 -0.37435E-02  0.59740E-04  0.56246E-02  0.56316E-03  0.25396E-02
  0.11650E+02  0.59848E-03 -0.30945E-02  0.72049E-04  0.29312E-02  0.55740E-03  0.23812E-02
  0.11700E+02  0.59989E-03 -0.22819E-02  0.84375E-04 -0.43561E-03  0.55122E-03  0.35536E-03
  0.11750E+02  0.60172E-03 -0.26787E-02  0.96638E-04 -0.23732E-02  0.54462E-03 -0.74659E-03
  0.11800E+02  0.60385E-03 -0.27736E-02  0.10876E-03 -0.12190E-02  0.53759E-03 -0.16527E-03
  0.11850E+02  0.60617E-03 -0.23960E-02  0.12067E-03 -0.82258E-03  0.53015E-03  0.19722E-02
  0.11900E+02  0.60858E-03 -0.21541E-02  0.13229E-03 -0.77625E-03  0.52230E-03  0.25503E-02
  0.11950E+02  0.61100E-03 -0.26945E-02  0.14358E-03  0.77825E-04  0.51407E-03  0.20331E-02
  0.12000E+02  0.61337E-03 -0.29235E-02  0.15446E-03  0.38083E-02  0.50548E-03  0.54639E-03
  0.12050E+02  0.61564E-03 -0.27499E-02  0.16489E-03  0.49132E-02  0.49655E-03 -0.10191E-03
  0.12100E+02  0.61778E-03 -0.22488E-02  0.17485E-03  0.12131E-02  0.48730E-03  0.39172E-03
  0.12150E+02  0.61978E-03 -0.98643E-03  0.18429E-03  0.27041E-02  0.47775E-03 -0.33387E-03
  0.12200E+02  0.62163E-03 -0.43388E-03  0.19319E-03  0.37437E-02  0.46792E-03 -0.40161E-04
  0.12250E+02  0.62334E-03  0.32142E-03  0.20154E-03  0.38549E-02  0.45781E-03  0.26369E-02
  0.12300E+02  0.62493E-03  0.17369E-02  0.20933E-03  0.34416E-02  0.44746E-03  0.35973E-02
  0.12350E+02  0.62641E-03  0.18724E-02  0.21655E-03  0.24849E-02  0.43687E-03  0.94126E-03
  0.12400E+02  0.62780E-03  0.27360E-02  0.22321E-03  0.31035E-02  0.42606E-03  0.49028E-03
  0.12450E+02  0.62912E-03  0.40154E-02  0.22932E-03  0.38888E-02  0.41507E-03  0.31095E-02
  0.12500E+02  0.63038E-03  0.39576E-02  0.23488E-03  0.61935E-02  0.40391E-03  0.38218E-02
  0.12550E+02  0.63158E-03  0.27110E-02  0.23992E-03  0.58828E-02  0.39261E-03  0.17682E-02
  0.12600E+02  0.63274E-03  0.10838E-02  0.24444E-03  0.29738E-02  0.38118E-03 -0.15198E-02
  0.12650E+02  0.63384E-03  0.31543E-03  0.24846E-03  0.25218E-02  0.36966E-03 -0.18230E-02
  0.12700E+02  0.63487E-03 -0.68700E-03  0.25199E-03  0.13967E-02  0.35808E-03 -0.22799E-02
  0.12750E+02  0.63579E-03 -0.74811E-03  0.25505E-03  0.15715E-02  0.34645E-03 -0.23342E-02
  0.12800E+02  0.63659E-03 -0.18678E-02  0.25763E-03  0.17604E-02  0.33480E-03 -0.32929E-03
  0.12850E+02  0.63722E-03 -0.32148E-02  0.25976E-03  0.23464E-02  0.32317E-03 -0.62590E-03
  0.12900E+02  0.63763E-03 -0.29431E-02  0.26143E-03  0.42290E-02  0.31157E-03 -0.12389E-02
  0.12950E+02  0.63778E-03 -0.14675E-02  0.26265E-03  0.36963E-02  0.30004E-03 -0.16121E-02
  0.13000E+02  0.63764E-03 -0.13426E-02  0.26344E-03  0.26432E-02  0.28860E-03 -0.78400E-03
  0.13050E+02  0.63717E-03 -0.14088E-02  0.26379E-03 -0.22164E-03  0.27727E-03  0.17439E-04
  0.13100E+02  0.63633E-03 -0.61209E-03  0.26372E-03  0.15388E-03  0.26607E-03 -0.26293E-02
  0.13150E+02  0.63513E-03 -0.86088E-03  0.26325E-03  0.24067E-02  0.25503E-03 -0.26641E-02
  0.13200E+02  0.63354E-03 -0.12273E-02  0.26237E-03  0.14413E-02  0.24417E-03 -0.74945E-03
  0.13250E+02  0.63158E-03  0.31761E-03  0.26112E-03  0.11087E-02  0.23349E-03  0.61089E-03
  0.13300E+02  0.62926E-03  0.22700E-02  0.25952E-03  0.23173E-02  0.22300E-03  0.14850E-02
  0.13350E+02  0.62661E-03  0.21149E-02  0.25759E-03  0.23547E-02  0.21273E-03 -0.13682E-04
  0.13400E+02  0.62366E-03  0.12837E-02  0.25537E-03  0.11759E-02  0.20267E-03  0.27213E-03
  0.13450E+02  0.62046E-03  0.10323E-02  0.25287E-03  0.11052E-02  0.19283E-03  0.12380E-02
  0.13500E+02  0.61705E-03  0.10700E-02  0.25015E-03  0.91266E-03  0.18322E-03  0.26721E-02
  0.13550E+02  0.61349E-03  0.89419E-03  0.24722E-03  0.66569E-04  0.17382E-03  0.38544E-02
  0.13600E+02  0.60981E-03  0.55220E-03  0.24414E-03 -0.11198E-02  0.16466E-03  0.14045E-02
  0.13650E+02  0.60606E-03 -0.27987E-03  0.24092E-03 -0.17820E-03  0.15573E-03  0.57364E-03
  0.13700E+02  0.60231E-03 -0.98129E-03  0.23761E-03  0.62870E-03  0.14703E-03  0.17019E-02
  0.13750E+02  0.59858E-03 -0.10210E-02  0.23423E-03 -0.15689E-03  0.13857E-03  0.96729E-03
  0.13800E+02  0.59493E-03 -0.40827E-03  0.23080E-03  0.26838E-02  0.13034E-03  0.66222E-03
  0.13850E+02  0.59138E-03  0.54938E-03  0.22735E-03  0.47814E-02  0.12235E-03  0.13787E-02
  0.13900E+02  0.58797E-03  0.18834E-02  0.22388E-03  0.37530E-02  0.11460E-03  0.32932E-03
  0.13950E+02  0.58472E-03  0.29997E-02  0.22041E-03  0.28827E-02  0.10710E-03 -0.99866E-03
  0.14000E+02  0.58166E-03  0.31051E-02  0.21693E-03  0.15609E-02  0.99852E-04 -0.11612E-02
  0.14050E+02  0.57880E-03  0.27055E-02  0.21347E-03  0.41721E-03  0.92849E-04 -0.13216E-02
  0.14100E+02  0.57616E-03  0.29031E-02  0.21000E-03  0.51199E-03  0.86097E-04 -0.13636E-02
  0.14150E+02  0.57374E-03  0.23776E-02  0.20654E-03 -0.21593E-03  0.79595E-04 -0.24186E-02
  0.14200E+02  0.57156E-03  0.72906E-03  0.20307E-03 -0.26679E-02  0.73340E-04 -0.37585E-02
  0.14250E+02  0.56960E-03  0.15148E-04  0.19960E-03 -0.32757E-02  0.67329E-04 -0.25577E-02
  0.14300E+02  0.56786E-03  0.10515E-03  0.19612E-03 -0.19149E-02  0.61555E-04 -0.11563E-02
  0.14350E+02  0.56634E-03  0.27319E-03  0.19263E-03 -0.68505E-03  0.56011E-04 -0.10117E-02
  0.14400E+02  0.56503E-03  0.78374E-03  0.18913E-03 -0.11828E-02  0.50686E-04 -0.11578E-02
  0.14450E+02  0.56391E-03  0.15260E-02  0.18562E-03 -0.15565E-02  0.45570E-04 -0.18967E-02
  0.14500E+02  0.56297E-03  0.17584E-02  0.18209E-03 -0.49588E-03  0.40651E-04 -0.30763E-02
  0.14550E+02  0.56220E-03  0.14584E-02  0.17857E-03 -0.10678E-02  0.35917E-04 -0.28169E-02
  0.14600E+02  0.56158E-03  0.67341E-03  0.17504E-03 -0.27632E-02  0.31357E-04 -0.21053E-02
  0.14650E+02  0.56110E-03 -0.15836E-03  0.17151E-03 -0.42740E-02  0.26958E-04 -0.23652E-02
  0.14700E+02  0.56074E-03  0.95867E-04  0.16800E-03 -0.37374E-02  0.22711E-04 -0.24480E-02
  0.14750E+02  0.56048E-03 -0.20348E-03  0.16452E-03 -0.30564E-02  0.18606E-04 -0.15344E-02
  0.14800E+02  0.56032E-03 -0.19961E-02  0.16106E-03 -0.35957E-02  0.14635E-04 -0.20305E-02
  0.14850E+02  0.56024E-03 -0.19141E-02  0.15763E-03 -0.37089E-02  0.10793E-04 -0.32632E-02
  0.14900E+02  0.56022E-03 -0.29085E-03  0.15426E-03 -0.30988E-02  0.70742E-05 -0.28653E-02
  0.14950E+02  0.56027E-03  0.39131E-04  0.15093E-03 -0.17284E-02  0.34763E-05 -0.29788E-02
  0.15000E+02  0.56037E-03 -0.10174E-02  0.14766E-03 -0.20572E-02 -0.29473E-08 -0.41153E-02
  0.15050E+02  0.56051E-03 -0.72300E-03  0.14445E-03 -0.32128E-02 -0.33632E-05 -0.43524E-02
  0.15100E+02  0.56068E-03  0.20732E-03  0.14131E-03 -0.29178E-02 -0.66042E-05 -0.40407E-02
  0.15150E+02  0.56088E-03 -0.56098E-03  0.13824E-03 -0.23842E-02 -0.97238E-05 -0.34391E-02
  0.15200E+02  0.56109E-03 -0.16000E-02  0.13524E-03 -0.21424E-02 -0.12721E-04 -0.24963E-02
  0.15250E+02  0.56131E-03 -0.14376E-02  0.13232E-03 -0.25851E-02 -0.15594E-04 -0.20885E-02
  0.15300E+02  0.56153E-03 -0.50611E-03  0.12947E-03 -0.34861E-02 -0.18340E-04 -0.30565E-02
  0.15350E+02  0.56173E-03  0.29758E-03  0.12670E-03 -0.39269E-02 -0.20956E-04 -0.35967E-02
  0.15400E+02  0.56192E-03  0.14566E-03  0.12400E-03 -0.34102E-02 -0.23441E-04 -0.32133E-02
  0.15450E+02  0.56207E-03  0.20963E-03  0.12138E-03 -0.28568E-02 -0.25793E-04 -0.17010E-02
  0.15500E+02  0.56218E-03  0.18585E-03  0.11883E-03 -0.23388E-02 -0.28011E-04 -0.51321E-04
  0.15550E+02  0.56224E-03 -0.40451E-03  0.11636E-03 -0.26844E-02 -0.30095E-04 -0.15334E-03
  0.15600E+02  0.56223E-03 -0.32354E-03  0.11397E-03 -0.38914E-02 -0.32044E-04 -0.18138E-02
  0.15650E+02  0.56215E-03 -0.60198E-04  0.11165E-03 -0.42432E-02 -0.33858E-04 -0.26811E-02
  0.15700E+02  0.56197E-03  0.47080E-04  0.10941E-03 -0.31975E-02 -0.35539E-04 -0.19733E-02
  0.15750E+02  0.56170E-03 -0.25544E-03  0.10726E-03 -0.13191E-02 -0.37087E-04 -0.10851E-02
  0.15800E+02  0.56132E-03 -0.56664E-03  0.10518E-03 -0.49886E-03 -0.38505E-04 -0.10923E-02
  0.15850E+02  0.56082E-03 -0.21280E-03  0.10318E-03 -0.60342E-03 -0.39795E-04 -0.14321E-02
  0.15900E+02  0.56020E-03 -0.89286E-04  0.10127E-03 -0.11109E-02 -0.40960E-04 -0.15958E-02
  0.15950E+02  0.55943E-03 -0.21233E-03  0.99446E-04 -0.22777E-02 -0.42003E-04 -0.18215E-02
  0.16000E+02  0.55853E-03 -0.40996E-03  0.97706E-04 -0.32437E-02 -0.42928E-04 -0.15499E-02
  0.16050E+02  0.55748E-03 -0.12907E-03  0.96056E-04 -0.33022E-02 -0.43738E-04 -0.86409E-03
  0.16100E+02  0.55628E-03  0.48478E-03  0.94497E-04 -0.23196E-02 -0.44437E-04 -0.81132E-03
  0.16150E+02  0.55492E-03  0.37254E-03  0.93030E-04 -0.15128E-02 -0.45031E-04 -0.84583E-03
  0.16200E+02  0.55341E-03  0.50520E-03  0.91655E-04 -0.33587E-03 -0.45524E-04 -0.60157E-03
  0.16250E+02  0.55175E-03  0.89316E-03  0.90376E-04  0.34569E-03 -0.45921E-04 -0.17607E-02
  0.16300E+02  0.54993E-03  0.43808E-03  0.89191E-04 -0.10995E-03 -0.46226E-04 -0.24693E-02
  0.16350E+02  0.54795E-03  0.12263E-03  0.88102E-04 -0.12085E-02 -0.46446E-04 -0.71068E-03
  0.16400E+02  0.54583E-03  0.28445E-04  0.87109E-04 -0.35739E-02 -0.46587E-04  0.10004E-02
  0.16450E+02  0.54357E-03 -0.30112E-03  0.86212E-04 -0.57699E-02 -0.46652E-04  0.45743E-03
  0.16500E+02  0.54116E-03 -0.23524E-03  0.85410E-04 -0.64768E-02 -0.46650E-04 -0.41373E-03
  0.16550E+02  0.53863E-03 -0.14211E-04  0.84703E-04 -0.50014E-02 -0.46585E-04  0.75422E-03
  0.16600E+02  0.53596E-03  0.27566E-04  0.84090E-04 -0.21489E-02 -0.46464E-04  0.12756E-02
  0.16650E+02  0.53318E-03  0.42911E-03  0.83567E-04 -0.49110E-03 -0.46292E-04 -0.17034E-02
  0.16700E+02  0.53028E-03  0.11053E-02  0.83134E-04 -0.61813E-03 -0.46077E-04 -0.33035E-02
  0.16750E+02  0.52728E-03  0.12777E-02  0.82787E-04 -0.24020E-02 -0.45824E-04 -0.51832E-03
  0.16800E+02  0.52418E-03  0.68886E-03  0.82525E-04 -0.45144E-02 -0.45538E-04  0.17689E-02
  0.16850E+02  0.52100E-03 -0.41333E-03  0.82342E-04 -0.42160E-02 -0.45225E-04  0.12173E-02
  0.16900E+02  0.51773E-03 -0.10034E-02  0.82235E-04 -0.13851E-02 -0.44892E-04  0.43312E-03
  0.16950E+02  0.51438E-03 -0.75370E-03  0.82201E-04  0.28934E-03 -0.44542E-04  0.53953E-03
  0.17000E+02  0.51097E-03 -0.26242E-03  0.82233E-04 -0.12350E-02 -0.44182E-04  0.10606E-02
  0.17050E+02  0.50750E-03  0.40100E-03  0.82328E-04 -0.23476E-02 -0.43815E-04  0.17039E-02
  0.17100E+02  0.50397E-03  0.12207E-02  0.82480E-04 -0.10752E-02 -0.43446E-04  0.19306E-02
  0.17150E+02  0.50040E-03  0.17511E-02  0.82685E-04 -0.11796E-02 -0.43079E-04  0.69655E-03
  0.17200E+02  0.49678E-03  0.18865E-02  0.82936E-04 -0.16634E-02 -0.42718E-04 -0.67490E-03
  0.17250E+02  0.49313E-03  0.21779E-02  0.83228E-04  0.96638E-05 -0.42365E-04 -0.62786E-03
  0.17300E+02  0.48945E-03  0.21832E-02  0.83556E-04  0.13273E-02 -0.42023E-04  0.12944E-02
  0.17350E+02  0.48574E-03  0.95849E-03  0.83915E-04  0.90947E-03 -0.41694E-04  0.37934E-02
  0.17400E+02  0.48202E-03  0.46648E-04  0.84300E-04  0.36043E-03 -0.41382E-04  0.48794E-02
  0.17450E+02  0.47828E-03  0.32164E-03  0.84706E-04 -0.25703E-03 -0.41087E-04  0.49261E-02
  0.17500E+02  0.47454E-03  0.21901E-03  0.85128E-04 -0.36453E-03 -0.40811E-04  0.51255E-02
  0.17550E+02  0.47079E-03  0.13420E-03  0.85562E-04  0.10809E-02 -0.40555E-04  0.40847E-02
  0.17600E+02  0.46704E-03  0.50214E-03  0.86004E-04  0.22935E-02 -0.40320E-04  0.21066E-02
  0.17650E+02  0.46330E-03  0.30514E-03  0.86451E-04  0.22614E-02 -0.40107E-04  0.77553E-03
  0.17700E+02  0.45957E-03  0.19118E-03  0.86900E-04  0.22084E-02 -0.39916E-04  0.22811E-03
  0.17750E+02  0.45586E-03  0.65366E-03  0.87346E-04  0.18172E-02 -0.39747E-04  0.40164E-03
  0.17800E+02  0.45216E-03  0.55534E-03  0.87789E-04  0.11050E-02 -0.39601E-04  0.97425E-03
  0.17850E+02  0.44849E-03 -0.18740E-03  0.88225E-04  0.25448E-02 -0.39477E-04  0.16645E-02
  0.17900E+02  0.44485E-03 -0.72381E-03  0.88653E-04  0.49029E-02 -0.39376E-04  0.19884E-02
  0.17950E+02  0.44124E-03 -0.29414E-03  0.89071E-04  0.51700E-02 -0.39296E-04  0.15657E-02
  0.18000E+02  0.43766E-03  0.62870E-03  0.89478E-04  0.42085E-02 -0.39239E-04  0.21408E-02
  0.18050E+02  0.43412E-03  0.15212E-03  0.89873E-04  0.37647E-02 -0.39202E-04  0.31991E-02
  0.18100E+02  0.43061E-03 -0.11159E-02  0.90256E-04  0.29332E-02 -0.39186E-04  0.37204E-02
  0.18150E+02  0.42715E-03 -0.12775E-02  0.90625E-04  0.16355E-02 -0.39190E-04  0.37257E-02
  0.18200E+02  0.42373E-03 -0.60803E-03  0.90981E-04  0.13981E-02 -0.39213E-04  0.38463E-02
  0.18250E+02  0.42036E-03 -0.93097E-04  0.91323E-04  0.13856E-02 -0.39255E-04  0.36900E-02
  0.18300E+02  0.41703E-03  0.81281E-03  0.91652E-04  0.14066E-03 -0.39314E-04  0.17490E-02
  0.18350E+02  0.41374E-03  0.18235E-02  0.91968E-04 -0.15059E-03 -0.39390E-04 -0.32854E-03
  0.18400E+02  0.41050E-03  0.17380E-02  0.92271E-04  0.11069E-02 -0.39482E-04 -0.13690E-03
  0.18450E+02  0.40730E-03  0.12564E-02  0.92561E-04  0.94513E-03 -0.39589E-04  0.72179E-03
  0.18500E+02  0.40415E-03  0.11991E-02  0.92840E-04 -0.52802E-04 -0.39709E-04  0.82549E-03
  0.18550E+02  0.40104E-03  0.11762E-02  0.93107E-04  0.12136E-03 -0.39841E-04  0.58515E-03
  0.18600E+02  0.39798E-03  0.10285E-02  0.93364E-04  0.17771E-02 -0.39984E-04  0.68199E-03
  0.18650E+02  0.39495E-03  0.83821E-03  0.93611E-04  0.32851E-02 -0.40138E-04  0.61429E-03
  0.18700E+02  0.39197E-03  0.80744E-03  0.93850E-04  0.33426E-02 -0.40299E-04 -0.12457E-02
  0.18750E+02  0.38902E-03  0.10564E-02  0.94080E-04  0.25426E-02 -0.40467E-04 -0.25139E-02
  0.18800E+02  0.38611E-03  0.10554E-02  0.94302E-04  0.17983E-02 -0.40641E-04 -0.16134E-02
  0.18850E+02  0.38323E-03  0.57043E-03  0.94518E-04  0.99540E-03 -0.40819E-04  0.10354E-03
  0.18900E+02  0.38038E-03  0.59782E-03  0.94728E-04  0.28330E-03 -0.40998E-04  0.16346E-02
  0.18950E+02  0.37757E-03  0.10344E-02  0.94933E-04  0.58878E-03 -0.41179E-04  0.26486E-02
  0.19000E+02  0.37478E-03  0.12838E-02  0.95133E-04  0.14212E-02 -0.41359E-04  0.25258E-02
  0.19050E+02  0.37201E-03  0.13244E-02  0.95329E-04  0.13418E-02 -0.41536E-04  0.21620E-02
  0.19100E+02  0.36927E-03  0.14587E-02  0.95522E-04 -0.64564E-04 -0.41709E-04  0.18410E-02
  0.19150E+02  0.36655E-03  0.13076E-02  0.95712E-04 -0.91473E-03 -0.41877E-04  0.66270E-03
  0.19200E+02  0.36385E-03  0.55781E-03  0.95899E-04 -0.41265E-03 -0.42038E-04 -0.11567E-02
  0.19250E+02  0.36116E-03 -0.30887E-03  0.96085E-04  0.36529E-03 -0.42191E-04 -0.14736E-02
  0.19300E+02  0.35849E-03 -0.75416E-03  0.96269E-04  0.10331E-02 -0.42334E-04 -0.11792E-03
  0.19350E+02  0.35583E-03 -0.86369E-03  0.96452E-04  0.54352E-03 -0.42466E-04  0.86382E-03
  0.19400E+02  0.35318E-03 -0.84532E-03  0.96633E-04 -0.75448E-03 -0.42587E-04  0.82213E-03
  0.19450E+02  0.35054E-03 -0.66966E-03  0.96814E-04  0.54730E-03 -0.42694E-04  0.88046E-04
  0.19500E+02  0.34790E-03 -0.58002E-03  0.96994E-04  0.41005E-02 -0.42787E-04 -0.11434E-03
  0.19550E+02  0.34527E-03 -0.10660E-02  0.97173E-04  0.40470E-02 -0.42865E-04 -0.40866E-03
  0.19600E+02  0.34265E-03 -0.14586E-02  0.97351E-04  0.56947E-03 -0.42928E-04 -0.35772E-03
  0.19650E+02  0.34003E-03 -0.13212E-02  0.97528E-04 -0.17055E-02 -0.42974E-04 -0.57499E-03
  0.19700E+02  0.33741E-03 -0.83912E-03  0.97705E-04 -0.13940E-02 -0.43004E-04 -0.12758E-02
  0.19750E+02  0.33479E-03 -0.84773E-03  0.97880E-04 -0.10316E-02 -0.43016E-04 -0.13945E-02
  0.19800E+02  0.33218E-03 -0.10034E-02  0.98054E-04  0.67820E-04 -0.43010E-04 -0.19341E-03
  0.19850E+02  0.32956E-03 -0.54403E-03  0.98226E-04  0.30384E-02 -0.42988E-04  0.15178E-02
  0.19900E+02  0.32695E-03 -0.47558E-03  0.98397E-04  0.44316E-02 -0.42947E-04  0.17792E-02
  0.19950E+02  0.32433E-03 -0.13609E-02  0.98565E-04  0.26642E-02 -0.42888E-04  0.90961E-03
  0.20000E+02  0.32172E-03 -0.20878E-02  0.98731E-04  0.94924E-03 -0.42812E-04  0.21636E-03
  0.20050E+02  0.31910E-03 -0.22948E-02  0.98895E-04  0.15713E-03 -0.42718E-04  0.31395E-03
  0.20100E+02  0.31649E-03 -0.24511E-02  0.99055E-04 -0.12087E-02 -0.42606E-04 -0.77579E-04
  0.20150E+02  0.31388E-03 -0.31117E-02  0.99213E-04 -0.20733E-02 -0.42478E-04 -0.10379E-02
  0.20200E+02  0.31127E-03 -0.30225E-02  0.99367E-04  0.10692E-03 -0.42333E-04 -0.91234E-03
  0.20250E+02  0.30866E-03 -0.19398E-02  0.99517E-04  0.35275E-02 -0.42172E-04  0.46676E-03
  0.20300E+02  0.30605E-03 -0.52856E-03  0.99663E-04  0.34852E-02 -0.41995E-04  0.71810E-03
  0.20350E+02  0.30345E-03  0.52829E-04  0.99805E-04  0.11710E-02 -0.41803E-04  0.86347E-03
  0.20400E+02  0.30085E-03 -0.51509E-03  0.99942E-04  0.10454E-02 -0.41597E-04  0.16261E-02
  0.20450E+02  0.29827E-03 -0.12083E-02  0.10007E-03  0.28938E-02 -0.41378E-04  0.22404E-02
  0.20500E+02  0.29568E-03 -0.17093E-02  0.10020E-03  0.39283E-02 -0.41145E-04  0.20736E-02
  0.20550E+02  0.29311E-03 -0.21951E-02  0.10032E-03  0.26202E-02 -0.40901E-04  0.17813E-02
  0.20600E+02  0.29055E-03 -0.24673E-02  0.10044E-03  0.68126E-03 -0.40645E-04  0.16117E-02
  0.20650E+02  0.28799E-03 -0.24591E-02  0.10055E-03 -0.36959E-03 -0.40379E-04  0.12184E-03
  0.20700E+02  0.28546E-03 -0.24438E-02  0.10066E-03  0.24953E-03 -0.40103E-04 -0.21631E-02
  0.20750E+02  0.28293E-03 -0.27405E-02  0.10076E-03  0.69890E-03 -0.39819E-04 -0.33496E-02
  0.20800E+02  0.28042E-03 -0.25883E-02  0.10085E-03  0.10400E-02 -0.39527E-04 -0.14739E-02
  0.20850E+02  0.27793E-03 -0.17135E-02  0.10093E-03  0.12025E-02 -0.39229E-04  0.12001E-02
  0.20900E+02  0.27545E-03 -0.93485E-03  0.10101E-03  0.40707E-03 -0.38925E-04  0.10490E-02
  0.20950E+02  0.27300E-03 -0.10253E-02  0.10109E-03 -0.91554E-03 -0.38617E-04 -0.43034E-03
  0.21000E+02  0.27056E-03 -0.12299E-02  0.10115E-03 -0.51612E-03 -0.38304E-04 -0.14837E-02
  0.21050E+02  0.26815E-03 -0.72433E-03  0.10121E-03  0.11090E-02 -0.37989E-04 -0.14564E-02
  0.21100E+02  0.26576E-03 -0.52596E-04  0.10125E-03  0.18497E-02 -0.37672E-04 -0.13188E-02
  0.21150E+02  0.26339E-03 -0.44062E-03  0.10129E-03  0.20050E-02 -0.37354E-04 -0.85188E-03
  0.21200E+02  0.26105E-03 -0.10822E-02  0.10132E-03  0.28627E-02 -0.37037E-04  0.17202E-03
  0.21250E+02  0.25873E-03 -0.13365E-02  0.10135E-03  0.30441E-02 -0.36720E-04 -0.22279E-03
  0.21300E+02  0.25643E-03 -0.11626E-02  0.10136E-03  0.20813E-02 -0.36404E-04 -0.20682E-02
  0.21350E+02  0.25417E-03 -0.94369E-03  0.10136E-03  0.69683E-03 -0.36092E-04 -0.41387E-02
  0.21400E+02  0.25193E-03 -0.90763E-03  0.10136E-03 -0.48186E-03 -0.35782E-04 -0.45858E-02
  0.21450E+02  0.24972E-03 -0.12443E-02  0.10134E-03 -0.19159E-02 -0.35476E-04 -0.33368E-02
  0.21500E+02  0.24753E-03 -0.16944E-02  0.10131E-03 -0.16611E-02 -0.35176E-04 -0.11490E-02
  0.21550E+02  0.24538E-03 -0.16710E-02  0.10127E-03 -0.36633E-03 -0.34880E-04  0.31945E-03
  0.21600E+02  0.24325E-03 -0.10231E-02  0.10122E-03  0.67612E-03 -0.34590E-04  0.55538E-04
  0.21650E+02  0.24116E-03 -0.32478E-03  0.10116E-03  0.16441E-02 -0.34307E-04 -0.95037E-03
  0.21700E+02  0.23909E-03  0.20107E-03  0.10108E-03  0.30618E-02 -0.34030E-04 -0.18263E-02
  0.21750E+02  0.23705E-03  0.31384E-03  0.10099E-03  0.35093E-02 -0.33761E-04 -0.13736E-02
  0.21800E+02  0.23504E-03 -0.44360E-04  0.10089E-03  0.16500E-02 -0.33499E-04  0.32574E-03
  0.21850E+02  0.23306E-03 -0.41234E-03  0.10078E-03 -0.78674E-03 -0.33245E-04  0.98937E-03
  0.21900E+02  0.23111E-03 -0.35563E-03  0.10065E-03 -0.12531E-02 -0.32999E-04 -0.20463E-03
  0.21950E+02  0.22919E-03  0.19390E-03  0.10051E-03 -0.70604E-03 -0.32761E-04 -0.21592E-02
  0.22000E+02  0.22730E-03  0.93768E-03  0.10036E-03 -0.13352E-02 -0.32532E-04 -0.29992E-02
  0.22050E+02  0.22543E-03  0.20199E-02  0.10019E-03 -0.25007E-02 -0.32311E-04 -0.32228E-02
  0.22100E+02  0.22360E-03  0.30807E-02  0.10001E-03 -0.20543E-02 -0.32099E-04 -0.30896E-02
  0.22150E+02  0.22180E-03  0.30063E-02  0.99810E-04 -0.86573E-03 -0.31896E-04 -0.19056E-02
  0.22200E+02  0.22002E-03  0.15301E-02  0.99597E-04 -0.71559E-03 -0.31701E-04  0.31745E-03
  0.22250E+02  0.21827E-03 -0.95546E-04  0.99370E-04 -0.18641E-02 -0.31514E-04  0.17184E-02
  0.22300E+02  0.21656E-03 -0.29962E-03  0.99127E-04 -0.24506E-02 -0.31335E-04  0.17780E-02
  0.22350E+02  0.21486E-03  0.39859E-03  0.98868E-04 -0.28755E-02 -0.31164E-04  0.12921E-02
  0.22400E+02  0.21320E-03  0.89747E-03  0.98595E-04 -0.23348E-02 -0.31002E-04  0.83598E-03
  0.22450E+02  0.21157E-03  0.13889E-02  0.98305E-04 -0.12434E-02 -0.30847E-04  0.10984E-03
  0.22500E+02  0.20996E-03  0.19580E-02  0.98000E-04 -0.24167E-03 -0.30699E-04 -0.40714E-03
  0.22550E+02  0.20838E-03  0.24166E-02  0.97680E-04 -0.35017E-03 -0.30558E-04 -0.57467E-03
  0.22600E+02  0.20683E-03  0.19959E-02  0.97344E-04 -0.21052E-02 -0.30423E-04 -0.44033E-03
  0.22650E+02  0.20531E-03  0.13824E-02  0.96992E-04 -0.37077E-02 -0.30295E-04 -0.92974E-03
  0.22700E+02  0.20381E-03  0.11103E-02  0.96624E-04 -0.36371E-02 -0.30173E-04 -0.14290E-02
  0.22750E+02  0.20234E-03  0.13604E-02  0.96241E-04 -0.15285E-02 -0.30056E-04 -0.12155E-02
  0.22800E+02  0.20089E-03  0.19305E-02  0.95843E-04  0.15611E-02 -0.29945E-04  0.62955E-04
  0.22850E+02  0.19947E-03  0.25671E-02  0.95429E-04  0.28314E-02 -0.29838E-04  0.12109E-02
  0.22900E+02  0.19808E-03  0.26885E-02  0.95000E-04  0.19377E-02 -0.29735E-04  0.13078E-02
  0.22950E+02  0.19671E-03  0.23793E-02  0.94555E-04  0.56356E-03 -0.29636E-04  0.14038E-02
  0.23000E+02  0.19536E-03  0.23128E-02  0.94096E-04  0.38174E-03 -0.29540E-04  0.20706E-02
  0.23050E+02  0.19404E-03  0.26873E-02  0.93622E-04  0.37410E-03 -0.29448E-04  0.26578E-02
  0.23100E+02  0.19275E-03  0.29734E-02  0.93134E-04 -0.13759E-02 -0.29358E-04  0.20562E-02
  0.23150E+02  0.19148E-03  0.24606E-02  0.92631E-04 -0.32754E-02 -0.29269E-04  0.15346E-02
  0.23200E+02  0.19023E-03  0.16368E-02  0.92114E-04 -0.31565E-02 -0.29183E-04  0.24989E-02
  0.23250E+02  0.18900E-03  0.13331E-02  0.91584E-04 -0.10817E-02 -0.29097E-04  0.41358E-02
  0.23300E+02  0.18780E-03  0.16574E-02  0.91040E-04  0.13027E-03 -0.29012E-04  0.42061E-02
  0.23350E+02  0.18662E-03  0.20949E-02  0.90482E-04 -0.13175E-03 -0.28927E-04  0.29196E-02
  0.23400E+02  0.18546E-03  0.20135E-02  0.89912E-04 -0.92048E-03 -0.28842E-04  0.15927E-02
  0.23450E+02  0.18431E-03  0.17924E-02  0.89329E-04 -0.69983E-03 -0.28757E-04  0.12443E-02
  0.23500E+02  0.18319E-03  0.14593E-02  0.88734E-04 -0.37225E-03 -0.28670E-04  0.13976E-02
  0.23550E+02  0.18209E-03  0.10451E-02  0.88128E-04  0.16109E-03 -0.28582E-04  0.11082E-02
  0.23600E+02  0.18101E-03  0.92080E-03  0.87509E-04  0.96618E-03 -0.28492E-04  0.72200E-03
  0.23650E+02  0.17994E-03  0.12968E-02  0.86880E-04  0.18190E-02 -0.28400E-04 -0.14135E-03
  0.23700E+02  0.17890E-03  0.16070E-02  0.86240E-04  0.22285E-02 -0.28306E-04 -0.64633E-03
  0.23750E+02  0.17786E-03  0.13758E-02  0.85589E-04  0.16745E-02 -0.28208E-04 -0.46402E-03
  0.23800E+02  0.17685E-03  0.85035E-03  0.84928E-04  0.83400E-03 -0.28108E-04  0.13397E-03
  0.23850E+02  0.17584E-03  0.84872E-03  0.84258E-04 -0.89723E-03 -0.28003E-04  0.10742E-03
  0.23900E+02  0.17485E-03  0.11232E-02  0.83579E-04 -0.20884E-02 -0.27895E-04 -0.66849E-03
  0.23950E+02  0.17388E-03  0.13429E-02  0.82890E-04 -0.33035E-02 -0.27783E-04 -0.18218E-02
  0.24000E+02  0.17291E-03  0.10915E-02  0.82193E-04 -0.38535E-02 -0.27666E-04 -0.25071E-02
  0.24050E+02  0.17196E-03  0.93484E-03  0.81489E-04 -0.38763E-02 -0.27544E-04 -0.27617E-02
  0.24100E+02  0.17102E-03  0.11482E-02  0.80776E-04 -0.37701E-02 -0.27418E-04 -0.33210E-02
  0.24150E+02  0.17008E-03  0.17883E-02  0.80057E-04 -0.40699E-02 -0.27287E-04 -0.46214E-02
  0.24200E+02  0.16915E-03  0.19574E-02  0.79330E-04 -0.42333E-02 -0.27150E-04 -0.56290E-02
  0.24250E+02  0.16823E-03  0.13057E-02  0.78597E-04 -0.44903E-02 -0.27007E-04 -0.50628E-02
  0.24300E+02  0.16732E-03  0.13502E-03  0.77857E-04 -0.42585E-02 -0.26859E-04 -0.27851E-02
  0.24350E+02  0.16641E-03 -0.43703E-03  0.77112E-04 -0.36112E-02 -0.26705E-04 -0.18524E-03
  0.24400E+02  0.16550E-03 -0.58665E-03  0.76362E-04 -0.24454E-02 -0.26546E-04  0.83954E-03
  0.24450E+02  0.16460E-03 -0.60631E-03  0.75606E-04 -0.15908E-02 -0.26380E-04  0.31212E-03
  0.24500E+02  0.16370E-03 -0.11612E-02  0.74846E-04 -0.19600E-02 -0.26207E-04 -0.12256E-02
  0.24550E+02  0.16279E-03 -0.15851E-02  0.74081E-04 -0.34560E-02 -0.26029E-04 -0.27998E-02
  0.24600E+02  0.16189E-03 -0.17298E-02  0.73313E-04 -0.42133E-02 -0.25844E-04 -0.31505E-02
  0.24650E+02  0.16099E-03 -0.14339E-02  0.72540E-04 -0.35105E-02 -0.25653E-04 -0.21231E-02
  0.24700E+02  0.16009E-03 -0.12434E-02  0.71764E-04 -0.14811E-02 -0.25455E-04 -0.16235E-03
  0.24750E+02  0.15918E-03 -0.11688E-02  0.70985E-04  0.26064E-04 -0.25251E-04  0.62201E-03
  0.24800E+02  0.15827E-03 -0.15266E-02  0.70204E-04  0.11618E-03 -0.25040E-04 -0.28694E-04
  0.24850E+02  0.15735E-03 -0.20879E-02  0.69420E-04 -0.12331E-02 -0.24822E-04 -0.17688E-02
  0.24900E+02  0.15643E-03 -0.23655E-02  0.68633E-04 -0.20625E-02 -0.24599E-04 -0.22596E-02
  0.24950E+02  0.15550E-03 -0.22068E-02  0.67845E-04 -0.13290E-02 -0.24368E-04 -0.15455E-02
  0.25000E+02  0.15456E-03 -0.20667E-02  0.67056E-04  0.54808E-03 -0.24132E-04 -0.27569E-03
  0.25050E+02  0.15361E-03 -0.25440E-02  0.66264E-04  0.17892E-02 -0.23889E-04  0.31356E-05
  0.25100E+02  0.15266E-03 -0.30834E-02  0.65472E-04  0.14604E-02 -0.23640E-04 -0.76608E-03
  0.25150E+02  0.15169E-03 -0.31616E-02  0.64679E-04  0.12139E-03 -0.23384E-04 -0.17088E-02
  0.25200E+02  0.15072E-03 -0.24064E-02  0.63886E-04 -0.15644E-02 -0.23123E-04 -0.15011E-02
  0.25250E+02  0.14973E-03 -0.15919E-02  0.63092E-04 -0.23212E-02 -0.22856E-04 -0.44735E-03
  0.25300E+02  0.14873E-03 -0.10265E-02  0.62299E-04 -0.22737E-02 -0.22583E-04  0.30784E-04
  0.25350E+02  0.14772E-03 -0.79065E-03  0.61505E-04 -0.96364E-03 -0.22304E-04  0.31215E-03
  0.25400E+02  0.14670E-03 -0.62515E-03  0.60712E-04  0.33472E-03 -0.22020E-04  0.87118E-03
  0.25450E+02  0.14566E-03 -0.59475E-03  0.59920E-04  0.55167E-03 -0.21730E-04  0.21347E-02
  0.25500E+02  0.14461E-03 -0.73167E-03  0.59129E-04 -0.63435E-03 -0.21436E-04  0.24157E-02
  0.25550E+02  0.14355E-03 -0.70550E-03  0.58339E-04 -0.16303E-02 -0.21136E-04  0.17327E-02
  0.25600E+02  0.14247E-03 -0.43259E-03  0.57550E-04 -0.15491E-02 -0.20832E-04  0.44830E-03
  0.25650E+02  0.14137E-03 -0.93447E-04  0.56763E-04  0.25264E-03 -0.20523E-04  0.50104E-03
  0.25700E+02  0.14026E-03 -0.13595E-03  0.55978E-04  0.23374E-02 -0.20210E-04  0.10011E-02
  0.25750E+02  0.13913E-03 -0.61387E-03  0.55195E-04  0.34584E-02 -0.19893E-04  0.13851E-02
  0.25800E+02  0.13799E-03 -0.12031E-02  0.54414E-04  0.29229E-02 -0.19571E-04  0.10405E-02
  0.25850E+02  0.13683E-03 -0.15883E-02  0.53636E-04  0.15947E-02 -0.19247E-04  0.96779E-03
  0.25900E+02  0.13566E-03 -0.13724E-02  0.52860E-04  0.60503E-03 -0.18919E-04  0.11895E-02
  0.25950E+02  0.13447E-03 -0.76019E-03  0.52087E-04  0.78025E-03 -0.18588E-04  0.88244E-03
  0.26000E+02  0.13326E-03  0.12185E-03  0.51317E-04  0.11879E-02 -0.18254E-04  0.46472E-03
  0.26050E+02  0.13203E-03  0.76835E-03  0.50551E-04  0.18686E-02 -0.17918E-04  0.40299E-03
  0.26100E+02  0.13079E-03  0.10566E-02  0.49788E-04  0.22895E-02 -0.17579E-04  0.10597E-02
  0.26150E+02  0.12953E-03  0.77648E-03  0.49028E-04  0.27082E-02 -0.17239E-04  0.11129E-02
  0.26200E+02  0.12826E-03  0.16861E-03  0.48272E-04  0.25826E-02 -0.16896E-04  0.64029E-03
  0.26250E+02  0.12697E-03 -0.38047E-03  0.47520E-04  0.91782E-03 -0.16553E-04 -0.42126E-03
  0.26300E+02  0.12566E-03 -0.68853E-03  0.46772E-04 -0.33427E-03 -0.16208E-04 -0.84750E-03
  0.26350E+02  0.12434E-03 -0.94091E-03  0.46028E-04 -0.11326E-02 -0.15863E-04 -0.72869E-03
  0.26400E+02  0.12300E-03 -0.12665E-02  0.45288E-04 -0.15526E-03 -0.15516E-04  0.44382E-03
  0.26450E+02  0.12164E-03 -0.14778E-02  0.44552E-04  0.57952E-03 -0.15170E-04  0.22285E-02
  0.26500E+02  0.12027E-03 -0.12107E-02  0.43821E-04  0.67244E-03 -0.14824E-04  0.33571E-02
  0.26550E+02  0.11888E-03 -0.77199E-03  0.43095E-04  0.33472E-03 -0.14478E-04  0.29382E-02
  0.26600E+02  0.11748E-03 -0.16007E-03  0.42373E-04  0.17453E-03 -0.14133E-04  0.15962E-02
  0.26650E+02  0.11606E-03  0.12891E-03  0.41656E-04  0.10779E-03 -0.13789E-04 -0.20867E-03
  0.26700E+02  0.11463E-03  0.35164E-03  0.40943E-04 -0.19679E-03 -0.13446E-04 -0.12634E-02
  0.26750E+02  0.11318E-03  0.31768E-03  0.40236E-04 -0.19905E-03 -0.13105E-04 -0.16454E-02
  0.26800E+02  0.11172E-03 -0.15449E-03  0.39534E-04  0.58568E-03 -0.12765E-04 -0.10344E-02
  0.26850E+02  0.11024E-03 -0.71803E-03  0.38836E-04  0.13470E-02 -0.12427E-04 -0.24091E-03
  0.26900E+02  0.10875E-03 -0.11496E-02  0.38143E-04  0.25171E-02 -0.12092E-04  0.44806E-03
  0.26950E+02  0.10725E-03 -0.78192E-03  0.37456E-04  0.34414E-02 -0.11759E-04  0.79270E-03
  0.27000E+02  0.10574E-03  0.19708E-03  0.36774E-04  0.44045E-02 -0.11429E-04  0.55847E-03
  0.27050E+02  0.10421E-03  0.13099E-02  0.36096E-04  0.45442E-02 -0.11102E-04  0.27411E-03
  0.27100E+02  0.10267E-03  0.18374E-02  0.35424E-04  0.43688E-02 -0.10778E-04 -0.54333E-03
  0.27150E+02  0.10112E-03  0.12784E-02  0.34757E-04  0.31562E-02 -0.10458E-04 -0.10229E-02
  0.27200E+02  0.99558E-04  0.90003E-04  0.34095E-04  0.19794E-02 -0.10141E-04 -0.11356E-02
  0.27250E+02  0.97985E-04 -0.10437E-02  0.33438E-04  0.18851E-03 -0.98289E-05 -0.52929E-03
  0.27300E+02  0.96402E-04 -0.12024E-02  0.32787E-04 -0.10218E-02 -0.95204E-05  0.45630E-03
  0.27350E+02  0.94808E-04 -0.74535E-03  0.32140E-04 -0.14915E-02 -0.92163E-05  0.10867E-02
  0.27400E+02  0.93205E-04 -0.21210E-03  0.31498E-04 -0.10152E-02 -0.89167E-05  0.11717E-02
  0.27450E+02  0.91593E-04  0.22905E-03  0.30862E-04  0.40152E-03 -0.86217E-05  0.43462E-03
  0.27500E+02  0.89972E-04  0.64940E-03  0.30230E-04  0.12460E-02 -0.83315E-05 -0.61586E-03
  0.27550E+02  0.88343E-04  0.10225E-02  0.29604E-04  0.10996E-02 -0.80463E-05 -0.14281E-02
  0.27600E+02  0.86706E-04  0.11207E-02  0.28982E-04  0.24109E-03 -0.77662E-05 -0.12993E-02
  0.27650E+02  0.85062E-04  0.53590E-03  0.28365E-04 -0.55168E-03 -0.74913E-05 -0.31949E-03
  0.27700E+02  0.83411E-04 -0.17553E-03  0.27753E-04 -0.12574E-02 -0.72217E-05  0.55519E-03
  0.27750E+02  0.81753E-04 -0.82319E-03  0.27146E-04 -0.75657E-03 -0.69576E-05  0.75585E-03
  0.27800E+02  0.80089E-04 -0.68348E-03  0.26544E-04  0.49078E-04 -0.66990E-05  0.20260E-03
  0.27850E+02  0.78420E-04 -0.12558E-04  0.25946E-04  0.17331E-02 -0.64460E-05 -0.12606E-03
  0.27900E+02  0.76746E-04  0.97977E-03  0.25352E-04  0.33628E-02 -0.61986E-05  0.10613E-04
  0.27950E+02  0.75066E-04  0.15224E-02  0.24764E-04  0.37638E-02 -0.59570E-05  0.36609E-03
  0.28000E+02  0.73383E-04  0.10770E-02  0.24179E-04  0.41419E-02 -0.57212E-05  0.65975E-03
  0.28050E+02  0.71695E-04  0.12981E-04  0.23599E-04  0.42957E-02 -0.54912E-05  0.14158E-02
  0.28100E+02  0.70004E-04 -0.10783E-02  0.23023E-04  0.50260E-02 -0.52671E-05  0.22888E-02
  0.28150E+02  0.68310E-04 -0.15733E-02  0.22452E-04  0.46721E-02 -0.50488E-05  0.26321E-02
  0.28200E+02  0.66614E-04 -0.15568E-02  0.21885E-04  0.31306E-02 -0.48364E-05  0.24637E-02
  0.28250E+02  0.64915E-04 -0.12172E-02  0.21321E-04  0.11794E-02 -0.46299E-05  0.16463E-02
  0.28300E+02  0.63214E-04 -0.74845E-03  0.20762E-04  0.19692E-03 -0.44293E-05  0.14066E-02
  0.28350E+02  0.61512E-04 -0.41465E-03  0.20207E-04  0.60174E-03 -0.42345E-05  0.15416E-02
  0.28400E+02  0.59809E-04 -0.40246E-03  0.19656E-04  0.14883E-02 -0.40455E-05  0.16041E-02
  0.28450E+02  0.58105E-04 -0.59795E-03  0.19108E-04  0.20251E-02 -0.38623E-05  0.15495E-02
  0.28500E+02  0.56401E-04 -0.92324E-03  0.18564E-04  0.12324E-02 -0.36848E-05  0.81867E-03
  0.28550E+02  0.54697E-04 -0.10767E-02  0.18024E-04  0.30383E-03 -0.35130E-05  0.11162E-02
  0.28600E+02  0.52993E-04 -0.88867E-03  0.17487E-04 -0.72927E-03 -0.33469E-05  0.14686E-02
  0.28650E+02  0.51291E-04 -0.46589E-03  0.16954E-04 -0.14304E-02 -0.31863E-05  0.23060E-02
  0.28700E+02  0.49589E-04  0.25368E-03  0.16424E-04 -0.23604E-02 -0.30311E-05  0.25250E-02
  0.28750E+02  0.47890E-04  0.10408E-02  0.15898E-04 -0.29097E-02 -0.28814E-05  0.20174E-02
  0.28800E+02  0.46192E-04  0.17810E-02  0.15375E-04 -0.25483E-02 -0.27371E-05  0.12087E-02
  0.28850E+02  0.44496E-04  0.21200E-02  0.14856E-04 -0.21592E-02 -0.25979E-05  0.18984E-03
  0.28900E+02  0.42803E-04  0.20547E-02  0.14339E-04 -0.12325E-02 -0.24639E-05 -0.41251E-03
  0.28950E+02  0.41113E-04  0.16421E-02  0.13826E-04 -0.11285E-02 -0.23350E-05 -0.78671E-03
  0.29000E+02  0.39426E-04  0.14317E-02  0.13316E-04 -0.12364E-02 -0.22109E-05 -0.76243E-03
  0.29050E+02  0.37743E-04  0.14537E-02  0.12809E-04 -0.11625E-02 -0.20917E-05 -0.66015E-03
  0.29100E+02  0.36063E-04  0.15942E-02  0.12305E-04 -0.57313E-03 -0.19773E-05 -0.28614E-03
  0.29150E+02  0.34388E-04  0.14504E-02  0.11804E-04 -0.67719E-04 -0.18674E-05  0.46396E-04
  0.29200E+02  0.32718E-04  0.98370E-03  0.11306E-04  0.52808E-03 -0.17620E-05 -0.15161E-03
  0.29250E+02  0.31052E-04  0.58450E-03  0.10811E-04  0.11330E-02 -0.16610E-05 -0.36296E-03
  0.29300E+02  0.29391E-04  0.55207E-03  0.10319E-04  0.53841E-03 -0.15643E-05 -0.83545E-03
  0.29350E+02  0.27735E-04  0.99223E-03  0.98292E-05  0.54288E-03 -0.14717E-05 -0.10421E-02
  0.29400E+02  0.26086E-04  0.14101E-02  0.93426E-05  0.51847E-03 -0.13831E-05 -0.39422E-03
  0.29450E+02  0.24442E-04  0.18104E-02  0.88589E-05  0.13502E-02 -0.12984E-05 -0.25704E-03
  0.29500E+02  0.22804E-04  0.19204E-02  0.83779E-05  0.27222E-02 -0.12174E-05  0.36324E-03
  0.29550E+02  0.21173E-04  0.19262E-02  0.78996E-05  0.29716E-02 -0.11401E-05  0.61131E-03
  0.29600E+02  0.19548E-04  0.16185E-02  0.74241E-05  0.21875E-02 -0.10662E-05  0.50528E-03
  0.29650E+02  0.17931E-04  0.11928E-02  0.69513E-05  0.13639E-02 -0.99581E-06  0.40105E-03
  0.29700E+02  0.16320E-04  0.63865E-03  0.64812E-05  0.88018E-03 -0.92863E-06  0.13992E-03
  0.29750E+02  0.14717E-04  0.11855E-03  0.60138E-05  0.10902E-02 -0.86459E-06 -0.37761E-03
  0.29800E+02  0.13122E-04 -0.17902E-03  0.55492E-05  0.62095E-03 -0.80355E-06 -0.73050E-03
  0.29850E+02  0.11535E-04 -0.40188E-03  0.50872E-05 -0.43980E-03 -0.74539E-06 -0.18558E-02
  0.29900E+02  0.99553E-05 -0.27935E-03  0.46280E-05 -0.11205E-02 -0.69001E-06 -0.26441E-02
  0.29950E+02  0.00000E+00 -0.00000E+00  0.00000E+00 -0.00000E+00  0.00000E+00 -0.00000E+00
