  0.00000E+00  0.32132E-03 -0.00000E+00  0.21710E-01 -0.00000E+00  0.13257E-01 -0.00000E+00 -0.20590E+01 -0.00000E+00
  0.50000E-01  0.32260E-03 -0.00000E+00  0.19563E-01 -0.00000E+00  0.12561E-01 -0.00000E+00 -0.20265E+01 -0.00000E+00
  0.10000E+00  0.27224E-03 -0.00000E+00  0.13738E-01 -0.00000E+00  0.10598E-01 -0.00000E+00 -0.19319E+01 -0.00000E+00
  0.15000E+00  0.33201E-04 -0.00000E+00  0.59269E-02 -0.00000E+00  0.77084E-02 -0.00000E+00 -0.17829E+01 -0.00000E+00
  0.20000E+00 -0.54804E-03 -0.00000E+00 -0.15526E-02 -0.00000E+00  0.43583E-02 -0.00000E+00 -0.15918E+01 -0.00000E+00
  0.25000E+00 -0.15480E-02 -0.00000E+00 -0.63701E-02 -0.00000E+00  0.10227E-02 -0.00000E+00 -0.13739E+01 -0.00000E+00
  0.30000E+00 -0.29086E-02 -0.00000E+00 -0.68021E-02 -0.00000E+00 -0.19615E-02 -0.00000E+00 -0.11458E+01 -0.00000E+00
  0.35000E+00 -0.43945E-02 -0.00000E+00 -0.22043E-02 -0.00000E+00 -0.44729E-02 -0.00000E+00 -0.92365E+00 -0.00000E+00
  0.40000E+00 -0.56392E-02 -0.00000E+00  0.68066E-02 -0.00000E+00 -0.66695E-02 -0.00000E+00 -0.72160E+00 -0.00000E+00
  0.45000E+00 -0.62220E-02 -0.00000E+00  0.18464E-01 -0.00000E+00 -0.89486E-02 -0.00000E+00 -0.55032E+00 -0.00000E+00
  0.50000E+00 -0.57971E-02 -0.00000E+00  0.30269E-01 -0.00000E+00 -0.11868E-01 -0.00000E+00 -0.41612E+00 -0.00000E+00
  0.55000E+00 -0.42138E-02  0.57786E-02  0.39568E-01  0.72239E-01 -0.16015E-01 -0.61449E-02 -0.32065E+00 -0.00000E+00
  0.60000E+00 -0.15982E-02  0.31351E-02  0.44161E-01  0.60648E-01 -0.21859E-01 -0.17078E-01 -0.26128E+00 -0.00000E+00
  0.65000E+00  0.16320E-02  0.27888E-02  0.42782E-01  0.39299E-01 -0.29630E-01 -0.28731E-01 -0.23200E+00 -0.00000E+00
  0.70000E+00  0.48314E-02  0.47497E-02  0.35340E-01  0.28227E-01 -0.39250E-01 -0.36778E-01 -0.22475E+00 -0.20689E+00
  0.75000E+00  0.72687E-02  0.63126E-02  0.22897E-01  0.11058E-01 -0.50309E-01 -0.45801E-01 -0.23090E+00 -0.19215E+00
  0.80000E+00  0.82805E-02  0.43182E-02  0.73357E-02  0.71817E-02 -0.62153E-01 -0.52293E-01 -0.24264E+00 -0.24479E+00
  0.85000E+00  0.74326E-02 -0.79306E-04 -0.90876E-02 -0.14398E-01 -0.73984E-01 -0.67673E-01 -0.25402E+00 -0.29362E+00
  0.90000E+00  0.46304E-02 -0.39040E-02 -0.24254E-01 -0.20446E-01 -0.85011E-01 -0.75272E-01 -0.26150E+00 -0.28597E+00
  0.95000E+00  0.12082E-03 -0.82307E-02 -0.36615E-01 -0.28926E-01 -0.94594E-01 -0.83440E-01 -0.26400E+00 -0.24278E+00
  0.10000E+01 -0.55866E-02 -0.12211E-01 -0.45435E-01 -0.40920E-01 -0.10235E+00 -0.91658E-01 -0.26238E+00 -0.22026E+00
  0.10500E+01 -0.11903E-01 -0.16910E-01 -0.50807E-01 -0.48414E-01 -0.10822E+00 -0.99934E-01 -0.25865E+00 -0.23935E+00
  0.11000E+01 -0.18346E-01 -0.22830E-01 -0.53481E-01 -0.51650E-01 -0.11243E+00 -0.10486E+00 -0.25506E+00 -0.26916E+00
  0.11500E+01 -0.24766E-01 -0.30921E-01 -0.54542E-01 -0.57085E-01 -0.11547E+00 -0.10992E+00 -0.25325E+00 -0.27348E+00
  0.12000E+01 -0.31456E-01 -0.39270E-01 -0.55069E-01 -0.59295E-01 -0.11798E+00 -0.11619E+00 -0.25375E+00 -0.25401E+00
  0.12500E+01 -0.39222E-01 -0.51179E-01 -0.55840E-01 -0.59577E-01 -0.12063E+00 -0.11936E+00 -0.25583E+00 -0.24350E+00
  0.13000E+01 -0.49281E-01 -0.65133E-01 -0.57178E-01 -0.59043E-01 -0.12401E+00 -0.12686E+00 -0.25770E+00 -0.25957E+00
  0.13500E+01 -0.63060E-01 -0.82274E-01 -0.58946E-01 -0.62920E-01 -0.12860E+00 -0.13291E+00 -0.25705E+00 -0.28142E+00
  0.14000E+01 -0.81968E-01 -0.10168E+00 -0.60675E-01 -0.62142E-01 -0.13470E+00 -0.14071E+00 -0.25163E+00 -0.27733E+00
  0.14500E+01 -0.10708E+00 -0.12584E+00 -0.61783E-01 -0.63679E-01 -0.14240E+00 -0.14844E+00 -0.23986E+00 -0.24375E+00
  0.15000E+01 -0.13889E+00 -0.15336E+00 -0.61784E-01 -0.61807E-01 -0.15166E+00 -0.15710E+00 -0.22123E+00 -0.20675E+00
  0.15500E+01 -0.17719E+00 -0.18622E+00 -0.60449E-01 -0.60020E-01 -0.16225E+00 -0.16474E+00 -0.19633E+00 -0.18955E+00
  0.16000E+01 -0.22095E+00 -0.22189E+00 -0.57869E-01 -0.57990E-01 -0.17384E+00 -0.17401E+00 -0.16674E+00 -0.18433E+00
  0.16500E+01 -0.26847E+00 -0.26124E+00 -0.54400E-01 -0.56079E-01 -0.18596E+00 -0.18453E+00 -0.13462E+00 -0.16304E+00
  0.17000E+01 -0.31747E+00 -0.30547E+00 -0.50539E-01 -0.52349E-01 -0.19807E+00 -0.19633E+00 -0.10220E+00 -0.11523E+00
  0.17500E+01 -0.36535E+00 -0.35399E+00 -0.46755E-01 -0.50801E-01 -0.20952E+00 -0.21061E+00 -0.71353E-01 -0.59273E-01
  0.18000E+01 -0.40949E+00 -0.40414E+00 -0.43345E-01 -0.49478E-01 -0.21962E+00 -0.22285E+00 -0.43261E-01 -0.19075E-01
  0.18500E+01 -0.44748E+00 -0.45147E+00 -0.40353E-01 -0.47202E-01 -0.22769E+00 -0.23601E+00 -0.18321E-01 -0.47632E-04
  0.19000E+01 -0.47729E+00 -0.49010E+00 -0.37570E-01 -0.41916E-01 -0.23309E+00 -0.24427E+00  0.37725E-02  0.12565E-01
  0.19500E+01 -0.49749E+00 -0.51911E+00 -0.34619E-01 -0.33852E-01 -0.23535E+00 -0.24866E+00  0.23765E-01  0.29434E-01
  0.20000E+01 -0.50729E+00 -0.53705E+00 -0.31085E-01 -0.31152E-01 -0.23423E+00 -0.25159E+00  0.42526E-01  0.43264E-01
  0.20500E+01 -0.50656E+00 -0.54497E+00 -0.26656E-01 -0.28710E-01 -0.22975E+00 -0.25461E+00  0.60754E-01  0.42677E-01
  0.21000E+01 -0.49576E+00 -0.53611E+00 -0.21226E-01 -0.25857E-01 -0.22218E+00 -0.24995E+00  0.78768E-01  0.33126E-01
  0.21500E+01 -0.47590E+00 -0.51284E+00 -0.14947E-01 -0.18531E-01 -0.21204E+00 -0.23921E+00  0.96445E-01  0.38553E-01
  0.22000E+01 -0.44845E+00 -0.47574E+00 -0.82027E-02 -0.81940E-02 -0.20001E+00 -0.22128E+00  0.11330E+00  0.77070E-01
  0.22500E+01 -0.41510E+00 -0.43164E+00 -0.15228E-02  0.17315E-02 -0.18678E+00 -0.20284E+00  0.12863E+00  0.14129E+00
  0.23000E+01 -0.37771E+00 -0.38753E+00  0.45312E-02  0.98532E-02 -0.17300E+00 -0.18421E+00  0.14175E+00  0.20057E+00
  0.23500E+01 -0.33812E+00 -0.34540E+00  0.94803E-02  0.11545E-01 -0.15914E+00 -0.16846E+00  0.15211E+00  0.22754E+00
  0.24000E+01 -0.29800E+00 -0.30359E+00  0.13015E-01  0.15726E-01 -0.14545E+00 -0.15279E+00  0.15948E+00  0.21664E+00
  0.24500E+01 -0.25879E+00 -0.26011E+00  0.15029E-01  0.23183E-01 -0.13200E+00 -0.13507E+00  0.16391E+00  0.18005E+00
  0.25000E+01 -0.22154E+00 -0.21915E+00  0.15600E-01  0.26331E-01 -0.11871E+00 -0.11650E+00  0.16568E+00  0.13996E+00
  0.25500E+01 -0.18693E+00 -0.18441E+00  0.14944E-01  0.25762E-01 -0.10544E+00 -0.10382E+00  0.16521E+00  0.11548E+00
  0.26000E+01 -0.15529E+00 -0.15376E+00  0.13335E-01  0.19925E-01 -0.92071E-01 -0.90817E-01  0.16291E+00  0.11694E+00
  0.26500E+01 -0.12662E+00 -0.12610E+00  0.11039E-01  0.19513E-01 -0.78624E-01 -0.80760E-01  0.15910E+00  0.14352E+00
  0.27000E+01 -0.10074E+00 -0.97951E-01  0.82724E-02  0.18015E-01 -0.65247E-01 -0.65122E-01  0.15399E+00  0.17813E+00
  0.27500E+01 -0.77323E-01 -0.69488E-01  0.51891E-02  0.18814E-01 -0.52228E-01 -0.50016E-01  0.14761E+00  0.19771E+00
  0.28000E+01 -0.56082E-01 -0.42789E-01  0.18942E-02  0.15169E-01 -0.39936E-01 -0.36478E-01  0.13995E+00  0.18701E+00
  0.28500E+01 -0.36774E-01 -0.20319E-01 -0.15197E-02  0.79134E-02 -0.28738E-01 -0.24101E-01  0.13101E+00  0.15585E+00
  0.29000E+01 -0.19273E-01 -0.23962E-02 -0.49406E-02 -0.16055E-02 -0.18908E-01 -0.13201E-01  0.12082E+00  0.13017E+00
  0.29500E+01 -0.35543E-02  0.14906E-01 -0.82137E-02 -0.85438E-02 -0.10567E-01 -0.87451E-02  0.10955E+00  0.12454E+00
  0.30000E+01  0.10328E-01  0.29381E-01 -0.11141E-01 -0.20233E-01 -0.36555E-02 -0.26830E-02  0.97497E-01  0.12971E+00
  0.30500E+01  0.22303E-01  0.39321E-01 -0.13504E-01 -0.32492E-01  0.20543E-02  0.70003E-03  0.85027E-01  0.12110E+00
  0.31000E+01  0.32332E-01  0.46316E-01 -0.15097E-01 -0.38759E-01  0.68945E-02  0.80576E-02  0.72560E-01  0.90625E-01
  0.31500E+01  0.40444E-01  0.51727E-01 -0.15770E-01 -0.44581E-01  0.11223E-01  0.13047E-01  0.60495E-01  0.54531E-01
  0.32000E+01  0.46752E-01  0.58186E-01 -0.15458E-01 -0.42193E-01  0.15343E-01  0.21730E-01  0.49160E-01  0.33371E-01
  0.32500E+01  0.51443E-01  0.63050E-01 -0.14194E-01 -0.35266E-01  0.19439E-01  0.31103E-01  0.38785E-01  0.30007E-01
  0.33000E+01  0.54752E-01  0.65610E-01 -0.12100E-01 -0.29317E-01  0.23548E-01  0.36666E-01  0.29487E-01  0.27449E-01
  0.33500E+01  0.56918E-01  0.62124E-01 -0.93657E-02 -0.26706E-01  0.27578E-01  0.38521E-01  0.21286E-01  0.11369E-01
  0.34000E+01  0.58165E-01  0.56427E-01 -0.62089E-02 -0.24271E-01  0.31346E-01  0.38320E-01  0.14126E-01 -0.11937E-01
  0.34500E+01  0.58669E-01  0.52131E-01 -0.28399E-02 -0.18995E-01  0.34649E-01  0.38879E-01  0.79058E-02 -0.23732E-01
  0.35000E+01  0.58575E-01  0.53320E-01  0.56466E-03 -0.81244E-02  0.37329E-01  0.42318E-01  0.24987E-02 -0.16278E-01
  0.35500E+01  0.57997E-01  0.56012E-01  0.38779E-02  0.47539E-02  0.39317E-01  0.50874E-01 -0.22225E-02  0.44703E-03
  0.36000E+01  0.57060E-01  0.59058E-01  0.70207E-02  0.14267E-01  0.40660E-01  0.54989E-01 -0.63799E-02  0.69924E-02
  0.36500E+01  0.55908E-01  0.56264E-01  0.99497E-02  0.21400E-01  0.41506E-01  0.53702E-01 -0.10081E-01 -0.37798E-02
  0.37000E+01  0.54727E-01  0.50636E-01  0.12641E-01  0.21107E-01  0.42072E-01  0.49553E-01 -0.13417E-01 -0.18705E-01
  0.37500E+01  0.53731E-01  0.46119E-01  0.15072E-01  0.21618E-01  0.42587E-01  0.47829E-01 -0.16457E-01 -0.25996E-01
  0.38000E+01  0.53143E-01  0.44319E-01  0.17215E-01  0.24903E-01  0.43247E-01  0.46804E-01 -0.19245E-01 -0.26289E-01
  0.38500E+01  0.53160E-01  0.45709E-01  0.19031E-01  0.29013E-01  0.44174E-01  0.46188E-01 -0.21797E-01 -0.28467E-01
  0.39000E+01  0.53919E-01  0.47807E-01  0.20483E-01  0.30859E-01  0.45404E-01  0.45740E-01 -0.24105E-01 -0.34228E-01
  0.39500E+01  0.55464E-01  0.50597E-01  0.21541E-01  0.37018E-01  0.46887E-01  0.46857E-01 -0.26133E-01 -0.34982E-01
  0.40000E+01  0.57744E-01  0.55236E-01  0.22193E-01  0.38296E-01  0.48514E-01  0.47803E-01 -0.27838E-01 -0.25420E-01
  0.40500E+01  0.60615E-01  0.59330E-01  0.22456E-01  0.42481E-01  0.50152E-01  0.49078E-01 -0.29171E-01 -0.12122E-01
  0.41000E+01  0.63871E-01  0.60684E-01  0.22369E-01  0.41037E-01  0.51674E-01  0.49352E-01 -0.30102E-01 -0.97480E-02
  0.41500E+01  0.67282E-01  0.61881E-01  0.21995E-01  0.37272E-01  0.52984E-01  0.46720E-01 -0.30619E-01 -0.24984E-01
  0.42000E+01  0.70635E-01  0.64397E-01  0.21402E-01  0.32689E-01  0.54032E-01  0.44412E-01 -0.30740E-01 -0.43912E-01
  0.42500E+01  0.73763E-01  0.68670E-01  0.20657E-01  0.34151E-01  0.54810E-01  0.45466E-01 -0.30503E-01 -0.51304E-01
  0.43000E+01  0.76567E-01  0.75892E-01  0.19814E-01  0.32532E-01  0.55344E-01  0.46331E-01 -0.29970E-01 -0.47807E-01
  0.43500E+01  0.79010E-01  0.82707E-01  0.18911E-01  0.34132E-01  0.55675E-01  0.50258E-01 -0.29202E-01 -0.41678E-01
  0.44000E+01  0.81105E-01  0.85396E-01  0.17966E-01  0.29414E-01  0.55845E-01  0.49168E-01 -0.28259E-01 -0.44077E-01
  0.44500E+01  0.82889E-01  0.88034E-01  0.16984E-01  0.21984E-01  0.55885E-01  0.47368E-01 -0.27185E-01 -0.53839E-01
  0.45000E+01  0.84399E-01  0.91855E-01  0.15963E-01  0.22088E-01  0.55817E-01  0.47640E-01 -0.26016E-01 -0.57756E-01
  0.45500E+01  0.85652E-01  0.99143E-01  0.14901E-01  0.20436E-01  0.55646E-01  0.49641E-01 -0.24770E-01 -0.48844E-01
  0.46000E+01  0.86634E-01  0.10886E+00  0.13800E-01  0.21323E-01  0.55370E-01  0.56379E-01 -0.23464E-01 -0.33346E-01
  0.46500E+01  0.87308E-01  0.11646E+00  0.12669E-01  0.21839E-01  0.54985E-01  0.63467E-01 -0.22111E-01 -0.23401E-01
  0.47000E+01  0.87623E-01  0.12008E+00  0.11522E-01  0.17660E-01  0.54487E-01  0.62734E-01 -0.20733E-01 -0.23069E-01
  0.47500E+01  0.87538E-01  0.12158E+00  0.10375E-01  0.11660E-01  0.53877E-01  0.58288E-01 -0.19358E-01 -0.26794E-01
  0.48000E+01  0.87033E-01  0.12275E+00  0.92453E-02  0.59389E-02  0.53152E-01  0.59941E-01 -0.18015E-01 -0.24743E-01
  0.48500E+01  0.86120E-01  0.12549E+00  0.81448E-02  0.39903E-02  0.52315E-01  0.61497E-01 -0.16733E-01 -0.16604E-01
  0.49000E+01  0.84846E-01  0.13049E+00  0.70821E-02  0.45263E-02  0.51364E-01  0.66374E-01 -0.15532E-01 -0.72330E-02
  0.49500E+01  0.83282E-01  0.13459E+00  0.60624E-02  0.40356E-02  0.50299E-01  0.69875E-01 -0.14421E-01 -0.13005E-02
  0.50000E+01  0.81513E-01  0.13630E+00  0.50899E-02  0.20747E-02  0.49125E-01  0.70316E-01 -0.13394E-01 -0.11659E-02
  0.50500E+01  0.79615E-01  0.13624E+00  0.41696E-02 -0.43489E-02  0.47850E-01  0.71925E-01 -0.12438E-01  0.68610E-03
  0.51000E+01  0.77644E-01  0.13619E+00  0.33096E-02 -0.32877E-02  0.46493E-01  0.74820E-01 -0.11533E-01  0.68479E-02
  0.51500E+01  0.75627E-01  0.13812E+00  0.25208E-02 -0.45715E-02  0.45079E-01  0.74692E-01 -0.10662E-01  0.12553E-01
  0.52000E+01  0.73562E-01  0.13885E+00  0.18157E-02 -0.51982E-02  0.43642E-01  0.77356E-01 -0.98149E-02  0.12686E-01
  0.52500E+01  0.71424E-01  0.13498E+00  0.12063E-02 -0.83207E-02  0.42213E-01  0.74194E-01 -0.89951E-02  0.58583E-02
  0.53000E+01  0.69177E-01  0.12890E+00  0.70056E-03 -0.12366E-01  0.40817E-01  0.72912E-01 -0.82147E-02 -0.51255E-02
  0.53500E+01  0.66788E-01  0.12313E+00  0.30067E-03 -0.18786E-01  0.39465E-01  0.68356E-01 -0.74933E-02 -0.12437E-01
  0.54000E+01  0.64236E-01  0.11756E+00  0.16684E-05 -0.20041E-01  0.38148E-01  0.64962E-01 -0.68521E-02 -0.90878E-02
  0.54500E+01  0.61519E-01  0.11263E+00 -0.20794E-03 -0.18909E-01  0.36842E-01  0.62546E-01 -0.63080E-02 -0.27486E-03
  0.55000E+01  0.58659E-01  0.10810E+00 -0.34442E-03 -0.18216E-01  0.35508E-01  0.60019E-01 -0.58698E-02  0.69457E-02
  0.55500E+01  0.55695E-01  0.10124E+00 -0.42595E-03 -0.17081E-01  0.34104E-01  0.58759E-01 -0.55361E-02  0.13466E-01
  0.56000E+01  0.52677E-01  0.93684E-01 -0.47006E-03 -0.16474E-01  0.32591E-01  0.56162E-01 -0.52963E-02  0.15006E-01
  0.56500E+01  0.49657E-01  0.89363E-01 -0.49081E-03 -0.15074E-01  0.30942E-01  0.53021E-01 -0.51346E-02  0.82051E-02
  0.57000E+01  0.46680E-01  0.83766E-01 -0.49812E-03 -0.89403E-02  0.29150E-01  0.53603E-01 -0.50337E-02  0.30994E-02
  0.57500E+01  0.43778E-01  0.78223E-01 -0.49725E-03 -0.35177E-02  0.27227E-01  0.51207E-01 -0.49784E-02  0.63091E-02
  0.58000E+01  0.40969E-01  0.73074E-01 -0.49026E-03  0.73254E-03  0.25202E-01  0.50989E-01 -0.49584E-02  0.84613E-02
  0.58500E+01  0.38253E-01  0.66198E-01 -0.47731E-03  0.27223E-03  0.23117E-01  0.44397E-01 -0.49684E-02  0.81943E-02
  0.59000E+01  0.35619E-01  0.58293E-01 -0.45846E-03  0.54867E-03  0.21016E-01  0.40346E-01 -0.50068E-02  0.60152E-02
  0.59500E+01  0.33048E-01  0.50454E-01 -0.43480E-03  0.16306E-02  0.18941E-01  0.35723E-01 -0.50734E-02  0.26145E-02
  0.60000E+01  0.30515E-01  0.44382E-01 -0.40904E-03  0.35153E-02  0.16923E-01  0.30104E-01 -0.51669E-02  0.83927E-03
  0.60500E+01  0.27998E-01  0.39108E-01 -0.38520E-03  0.45744E-02  0.14981E-01  0.28170E-01 -0.52835E-02 -0.21687E-02
  0.61000E+01  0.25478E-01  0.32362E-01 -0.36782E-03  0.69032E-02  0.13126E-01  0.24812E-01 -0.54156E-02 -0.44907E-02
  0.61500E+01  0.22947E-01  0.25630E-01 -0.36086E-03  0.86769E-02  0.11355E-01  0.19900E-01 -0.55537E-02 -0.86721E-02
  0.62000E+01  0.20404E-01  0.18074E-01 -0.36668E-03  0.76453E-02  0.96648E-02  0.15317E-01 -0.56870E-02 -0.11377E-01
  0.62500E+01  0.17854E-01  0.10927E-01 -0.38545E-03  0.61060E-02  0.80470E-02  0.97043E-02 -0.58057E-02 -0.13718E-01
  0.63000E+01  0.15315E-01  0.66748E-02 -0.41512E-03  0.58382E-02  0.64960E-02  0.44388E-02 -0.59021E-02 -0.18775E-01
  0.63500E+01  0.12806E-01  0.56068E-03 -0.45184E-03  0.61288E-02  0.50080E-02  0.26083E-03 -0.59718E-02 -0.22845E-01
  0.64000E+01  0.10351E-01 -0.39783E-02 -0.49077E-03  0.46946E-02  0.35814E-02 -0.48788E-02 -0.60125E-02 -0.27986E-01
  0.64500E+01  0.79727E-02 -0.78364E-02 -0.52711E-03  0.22186E-02  0.22159E-02 -0.72428E-02 -0.60243E-02 -0.32854E-01
  0.65000E+01  0.56907E-02 -0.12634E-01 -0.55698E-03  0.93777E-03  0.91145E-03 -0.12507E-01 -0.60079E-02 -0.27046E-01
  0.65500E+01  0.35195E-02 -0.17105E-01 -0.57798E-03  0.26056E-02 -0.33260E-03 -0.14885E-01 -0.59641E-02 -0.19572E-01
  0.66000E+01  0.14673E-02 -0.21524E-01 -0.58945E-03  0.13840E-02 -0.15171E-02 -0.17907E-01 -0.58938E-02 -0.19225E-01
  0.66500E+01 -0.46389E-03 -0.26133E-01 -0.59233E-03  0.18022E-04 -0.26427E-02 -0.22526E-01 -0.57979E-02 -0.19365E-01
  0.67000E+01 -0.22766E-02 -0.29784E-01 -0.58868E-03 -0.36039E-02 -0.37086E-02 -0.28226E-01 -0.56780E-02 -0.16740E-01
  0.67500E+01 -0.39759E-02 -0.32020E-01 -0.58108E-03 -0.45494E-02 -0.47116E-02 -0.27910E-01 -0.55370E-02 -0.10903E-01
  0.68000E+01 -0.55679E-02 -0.34225E-01 -0.57216E-03 -0.34835E-02 -0.56463E-02 -0.28952E-01 -0.53795E-02 -0.39909E-02
  0.68500E+01 -0.70559E-02 -0.33448E-01 -0.56398E-03 -0.20342E-02 -0.65048E-02 -0.29782E-01 -0.52112E-02  0.36882E-02
  0.69000E+01 -0.84415E-02 -0.37074E-01 -0.55797E-03 -0.56692E-02 -0.72789E-02 -0.33547E-01 -0.50382E-02  0.23958E-02
  0.69500E+01 -0.97222E-02 -0.40201E-01 -0.55470E-03 -0.65319E-02 -0.79609E-02 -0.34420E-01 -0.48658E-02 -0.72596E-02
  0.70000E+01 -0.10894E-01 -0.44359E-01 -0.55414E-03 -0.10210E-01 -0.85464E-02 -0.38873E-01 -0.46978E-02 -0.12256E-01
  0.70500E+01 -0.11952E-01 -0.47549E-01 -0.55585E-03 -0.87537E-02 -0.90346E-02 -0.42939E-01 -0.45353E-02 -0.13376E-01
  0.71000E+01 -0.12894E-01 -0.51147E-01 -0.55920E-03 -0.90525E-02 -0.94295E-02 -0.42749E-01 -0.43765E-02 -0.10644E-01
  0.71500E+01 -0.13720E-01 -0.54352E-01 -0.56364E-03 -0.12624E-01 -0.97393E-02 -0.44505E-01 -0.42182E-02 -0.41133E-02
  0.72000E+01 -0.14435E-01 -0.58795E-01 -0.56875E-03 -0.13170E-01 -0.99754E-02 -0.46675E-01 -0.40558E-02  0.76162E-03
  0.72500E+01 -0.15051E-01 -0.61034E-01 -0.57427E-03 -0.11037E-01 -0.10151E-01 -0.48445E-01 -0.38854E-02  0.34615E-03
  0.73000E+01 -0.15581E-01 -0.61409E-01 -0.58004E-03 -0.10793E-01 -0.10278E-01 -0.47635E-01 -0.37047E-02  0.42960E-03
  0.73500E+01 -0.16044E-01 -0.62675E-01 -0.58594E-03 -0.99041E-02 -0.10369E-01 -0.48008E-01 -0.35138E-02  0.83848E-02
  0.74000E+01 -0.16457E-01 -0.63609E-01 -0.59168E-03 -0.69819E-02 -0.10433E-01 -0.45909E-01 -0.33149E-02  0.17055E-01
  0.74500E+01 -0.16839E-01 -0.65359E-01 -0.59683E-03 -0.58505E-02 -0.10477E-01 -0.47011E-01 -0.31123E-02  0.12736E-01
  0.75000E+01 -0.17200E-01 -0.68357E-01 -0.60075E-03 -0.48353E-02 -0.10504E-01 -0.47801E-01 -0.29109E-02  0.50270E-02
  0.75500E+01 -0.17549E-01 -0.71495E-01 -0.60273E-03 -0.59104E-02 -0.10517E-01 -0.46268E-01 -0.27155E-02  0.45834E-02
  0.76000E+01 -0.17889E-01 -0.73860E-01 -0.60204E-03 -0.55547E-02 -0.10515E-01 -0.46367E-01 -0.25297E-02  0.31451E-02
  0.76500E+01 -0.18216E-01 -0.75098E-01 -0.59805E-03 -0.52455E-02 -0.10499E-01 -0.47120E-01 -0.23553E-02 -0.20606E-02
  0.77000E+01 -0.18522E-01 -0.76590E-01 -0.59035E-03 -0.41027E-02 -0.10468E-01 -0.46173E-01 -0.21923E-02 -0.88800E-02
  0.77500E+01 -0.18798E-01 -0.78090E-01 -0.57883E-03 -0.20904E-02 -0.10420E-01 -0.44405E-01 -0.20398E-02 -0.13526E-01
  0.78000E+01 -0.19032E-01 -0.78869E-01 -0.56360E-03 -0.16996E-02 -0.10355E-01 -0.44507E-01 -0.18958E-02 -0.12684E-01
  0.78500E+01 -0.19212E-01 -0.79038E-01 -0.54499E-03  0.10005E-02 -0.10272E-01 -0.42259E-01 -0.17588E-02 -0.67138E-02
  0.79000E+01 -0.19331E-01 -0.79150E-01 -0.52343E-03  0.39010E-02 -0.10170E-01 -0.40954E-01 -0.16275E-02 -0.32272E-02
  0.79500E+01 -0.19383E-01 -0.79512E-01 -0.49936E-03  0.48259E-02 -0.10050E-01 -0.39639E-01 -0.15016E-02 -0.53556E-02
  0.80000E+01 -0.19366E-01 -0.80712E-01 -0.47313E-03  0.26742E-02 -0.99103E-02 -0.40411E-01 -0.13814E-02 -0.97829E-02
  0.80500E+01 -0.19285E-01 -0.81249E-01 -0.44502E-03  0.12939E-02 -0.97535E-02 -0.39811E-01 -0.12674E-02 -0.10230E-01
  0.81000E+01 -0.19145E-01 -0.80778E-01 -0.41520E-03  0.44465E-04 -0.95802E-02 -0.39234E-01 -0.11600E-02 -0.10932E-01
  0.81500E+01 -0.18957E-01 -0.80728E-01 -0.38388E-03  0.80974E-03 -0.93924E-02 -0.39023E-01 -0.10589E-02 -0.10043E-01
  0.82000E+01 -0.18731E-01 -0.81077E-01 -0.35129E-03 -0.65848E-03 -0.91923E-02 -0.36592E-01 -0.96319E-03 -0.60211E-02
  0.82500E+01 -0.18480E-01 -0.78809E-01 -0.31778E-03 -0.24554E-02 -0.89818E-02 -0.35938E-01 -0.87110E-03 -0.49741E-02
  0.83000E+01 -0.18214E-01 -0.77745E-01 -0.28388E-03 -0.22476E-02 -0.87631E-02 -0.36442E-01 -0.78051E-03 -0.77798E-02
  0.83500E+01 -0.17942E-01 -0.75130E-01 -0.25025E-03 -0.16774E-02 -0.85378E-02 -0.32370E-01 -0.68927E-03 -0.11396E-01
  0.84000E+01 -0.17669E-01 -0.72761E-01 -0.21761E-03 -0.14090E-02 -0.83070E-02 -0.32331E-01 -0.59567E-03 -0.84934E-02
  0.84500E+01 -0.17398E-01 -0.69422E-01 -0.18667E-03  0.61784E-03 -0.80718E-02 -0.29056E-01 -0.49874E-03 -0.43418E-02
  0.85000E+01 -0.17128E-01 -0.67726E-01 -0.15796E-03  0.54010E-03 -0.78326E-02 -0.28794E-01 -0.39831E-03 -0.22693E-02
  0.85500E+01 -0.16856E-01 -0.65103E-01 -0.13185E-03 -0.26340E-02 -0.75899E-02 -0.27375E-01 -0.29507E-03  0.29004E-02
  0.86000E+01 -0.16579E-01 -0.61719E-01 -0.10841E-03 -0.33207E-02 -0.73444E-02 -0.24771E-01 -0.19020E-03  0.43904E-02
  0.86500E+01 -0.16294E-01 -0.57405E-01 -0.87478E-04 -0.12154E-03 -0.70966E-02 -0.21216E-01 -0.85119E-04  0.71139E-02
  0.87000E+01 -0.15997E-01 -0.51643E-01 -0.68719E-04  0.20558E-02 -0.68474E-02 -0.19800E-01  0.18773E-04  0.64500E-02
  0.87500E+01 -0.15686E-01 -0.49214E-01 -0.51690E-04  0.13906E-02 -0.65977E-02 -0.18429E-01  0.12044E-03  0.19116E-02
  0.88000E+01 -0.15362E-01 -0.47745E-01 -0.35935E-04 -0.21155E-02 -0.63482E-02 -0.17379E-01  0.21918E-03 -0.71600E-02
  0.88500E+01 -0.15025E-01 -0.46099E-01 -0.21080E-04 -0.36803E-02 -0.60997E-02 -0.18427E-01  0.31469E-03 -0.15806E-01
  0.89000E+01 -0.14680E-01 -0.42924E-01 -0.68464E-05 -0.35269E-02 -0.58528E-02 -0.16861E-01  0.40687E-03 -0.11435E-01
  0.89500E+01 -0.14328E-01 -0.39184E-01  0.69402E-05 -0.43208E-02 -0.56081E-02 -0.15544E-01  0.49576E-03 -0.88084E-02
  0.90000E+01 -0.13972E-01 -0.35016E-01  0.20410E-04 -0.38465E-02 -0.53657E-02 -0.13381E-01  0.58128E-03 -0.48257E-02
  0.90500E+01 -0.13617E-01 -0.30721E-01  0.33691E-04 -0.57652E-02 -0.51258E-02 -0.11538E-01  0.66325E-03 -0.16585E-02
  0.91000E+01 -0.13263E-01 -0.27829E-01  0.46980E-04 -0.59201E-02 -0.48888E-02 -0.81476E-02  0.74137E-03 -0.26028E-02
  0.91500E+01 -0.12911E-01 -0.23815E-01  0.60581E-04 -0.34163E-02 -0.46547E-02 -0.52174E-02  0.81523E-03 -0.32933E-02
  0.92000E+01 -0.12563E-01 -0.20207E-01  0.74888E-04  0.65881E-03 -0.44238E-02 -0.53384E-02  0.88448E-03 -0.27788E-02
  0.92500E+01 -0.12218E-01 -0.16634E-01  0.90380E-04 -0.23433E-02 -0.41962E-02 -0.57339E-02  0.94891E-03  0.35147E-02
  0.93000E+01 -0.11876E-01 -0.12700E-01  0.10753E-03 -0.47774E-02 -0.39721E-02 -0.28035E-02  0.10085E-02  0.15526E-01
  0.93500E+01 -0.11537E-01 -0.10128E-01  0.12674E-03 -0.80192E-03 -0.37513E-02 -0.11273E-02  0.10634E-02  0.25068E-01
  0.94000E+01 -0.11201E-01 -0.62373E-02  0.14825E-03  0.20103E-02 -0.35338E-02  0.24234E-02  0.11139E-02  0.24038E-01
  0.94500E+01 -0.10869E-01 -0.20090E-02  0.17211E-03  0.39061E-03 -0.33193E-02  0.29081E-02  0.11605E-02  0.21332E-01
  0.95000E+01 -0.10541E-01  0.17659E-02  0.19814E-03 -0.13610E-02 -0.31076E-02  0.38401E-02  0.12035E-02  0.20908E-01
  0.95500E+01 -0.10217E-01  0.38542E-02  0.22596E-03 -0.26491E-02 -0.28985E-02  0.37142E-02  0.12431E-02  0.21072E-01
  0.96000E+01 -0.98994E-02  0.65443E-02  0.25507E-03 -0.25693E-02 -0.26920E-02  0.54646E-02  0.12791E-02  0.22948E-01
  0.96500E+01 -0.95870E-02  0.90394E-02  0.28485E-03 -0.21268E-02 -0.24883E-02  0.72753E-02  0.13114E-02  0.18641E-01
  0.97000E+01 -0.92808E-02  0.11278E-01  0.31473E-03 -0.97640E-03 -0.22881E-02  0.99741E-02  0.13392E-02  0.84681E-02
  0.97500E+01 -0.89806E-02  0.13423E-01  0.34416E-03 -0.21064E-02 -0.20919E-02  0.89178E-02  0.13620E-02  0.68188E-02
  0.98000E+01 -0.86866E-02  0.15493E-01  0.37273E-03 -0.34440E-02 -0.19006E-02  0.78950E-02  0.13788E-02  0.11019E-01
  0.98500E+01 -0.83986E-02  0.17783E-01  0.40014E-03 -0.27189E-02 -0.17152E-02  0.85794E-02  0.13890E-02  0.12905E-01
  0.99000E+01 -0.81164E-02  0.20619E-01  0.42621E-03  0.22585E-02 -0.15362E-02  0.10406E-01  0.13920E-02  0.12925E-01
  0.99500E+01 -0.78400E-02  0.24123E-01  0.45086E-03  0.38784E-02 -0.13643E-02  0.13539E-01  0.13874E-02  0.16599E-01
  0.10000E+02 -0.75693E-02  0.25814E-01  0.47409E-03  0.44128E-02 -0.11997E-02  0.15213E-01  0.13751E-02  0.21198E-01
  0.10050E+02 -0.73045E-02  0.27824E-01  0.49590E-03  0.17779E-03 -0.10423E-02  0.14564E-01  0.13555E-02  0.18626E-01
  0.10100E+02 -0.70456E-02  0.28746E-01  0.51633E-03 -0.20749E-03 -0.89194E-03  0.14979E-01  0.13287E-02  0.73308E-02
  0.10150E+02 -0.67928E-02  0.30766E-01  0.53541E-03  0.63846E-03 -0.74820E-03  0.15609E-01  0.12955E-02 -0.25234E-05
  0.10200E+02 -0.65462E-02  0.32762E-01  0.55315E-03  0.33030E-02 -0.61063E-03  0.15314E-01  0.12566E-02  0.46698E-02
  0.10250E+02 -0.63059E-02  0.35925E-01  0.56956E-03  0.51099E-02 -0.47878E-03  0.16766E-01  0.12127E-02  0.64469E-02
  0.10300E+02 -0.60719E-02  0.38399E-01  0.58467E-03  0.48353E-02 -0.35229E-03  0.17981E-01  0.11645E-02  0.45708E-02
  0.10350E+02 -0.58443E-02  0.40297E-01  0.59850E-03  0.54715E-02 -0.23098E-03  0.18681E-01  0.11127E-02  0.59664E-02
  0.10400E+02 -0.56230E-02  0.41670E-01  0.61113E-03  0.54579E-02 -0.11477E-03  0.19943E-01  0.10581E-02  0.80355E-02
  0.10450E+02 -0.54078E-02  0.43306E-01  0.62265E-03  0.37283E-02 -0.37483E-05  0.18160E-01  0.10010E-02  0.50964E-02
  0.10500E+02 -0.51986E-02  0.43353E-01  0.63315E-03  0.20362E-02  0.10191E-03  0.17596E-01  0.94191E-03  0.30371E-02
  0.10550E+02 -0.49952E-02  0.44025E-01  0.64278E-03  0.29194E-02  0.20194E-03  0.20449E-01  0.88124E-03  0.19555E-02
  0.10600E+02 -0.47971E-02  0.46727E-01  0.65167E-03  0.26155E-02  0.29607E-03  0.22263E-01  0.81928E-03 -0.10708E-02
  0.10650E+02 -0.46042E-02  0.47693E-01  0.65996E-03  0.23248E-02  0.38404E-03  0.22330E-01  0.75635E-03  0.21591E-02
  0.10700E+02 -0.44162E-02  0.49101E-01  0.66775E-03  0.29551E-02  0.46559E-03  0.22384E-01  0.69268E-03  0.34781E-02
  0.10750E+02 -0.42326E-02  0.49350E-01  0.67516E-03  0.10233E-02  0.54054E-03  0.23407E-01  0.62850E-03  0.22995E-02
  0.10800E+02 -0.40534E-02  0.49927E-01  0.68223E-03  0.74604E-03  0.60879E-03  0.23466E-01  0.56406E-03  0.38234E-02
  0.10850E+02 -0.38784E-02  0.49765E-01  0.68900E-03  0.91483E-03  0.67037E-03  0.22334E-01  0.49958E-03 -0.46100E-02
  0.10900E+02 -0.37075E-02  0.48365E-01  0.69545E-03  0.74708E-03  0.72538E-03  0.21033E-01  0.43528E-03 -0.10417E-01
  0.10950E+02 -0.35408E-02  0.48146E-01  0.70152E-03  0.35179E-03  0.77405E-03  0.19609E-01  0.37136E-03 -0.11352E-01
  0.11000E+02 -0.33783E-02  0.48303E-01  0.70713E-03 -0.13048E-03  0.81678E-03  0.20117E-01  0.30807E-03 -0.11977E-01
  0.11050E+02 -0.32202E-02  0.49435E-01  0.71218E-03 -0.37685E-03  0.85398E-03  0.21162E-01  0.24561E-03 -0.70598E-02
  0.11100E+02 -0.30666E-02  0.49958E-01  0.71655E-03  0.79012E-03  0.88621E-03  0.23399E-01  0.18422E-03 -0.63820E-02
  0.11150E+02 -0.29177E-02  0.49840E-01  0.72011E-03  0.12906E-02  0.91403E-03  0.23843E-01  0.12416E-03 -0.76372E-02
  0.11200E+02 -0.27737E-02  0.49548E-01  0.72275E-03  0.27596E-03  0.93801E-03  0.23155E-01  0.65695E-04  0.19656E-02
  0.11250E+02 -0.26348E-02  0.48210E-01  0.72435E-03 -0.10293E-02  0.95861E-03  0.19967E-01  0.90732E-05  0.99434E-02
  0.11300E+02 -0.25014E-02  0.46570E-01  0.72483E-03  0.14660E-02  0.97627E-03  0.18383E-01 -0.45426E-04  0.86020E-02
  0.11350E+02 -0.23736E-02  0.46556E-01  0.72414E-03  0.58940E-03  0.99130E-03  0.21250E-01 -0.97546E-04  0.33200E-02
  0.11400E+02 -0.22518E-02  0.46361E-01  0.72224E-03  0.25798E-03  0.10039E-02  0.21216E-01 -0.14705E-03  0.52462E-02
  0.11450E+02 -0.21363E-02  0.45492E-01  0.71915E-03 -0.40092E-04  0.10141E-02  0.19895E-01 -0.19376E-03  0.92172E-02
  0.11500E+02 -0.20275E-02  0.44879E-01  0.71487E-03  0.16514E-02  0.10220E-02  0.21700E-01 -0.23752E-03  0.11649E-01
  0.11550E+02 -0.19258E-02  0.43747E-01  0.70947E-03  0.34415E-02  0.10275E-02  0.21040E-01 -0.27823E-03  0.14708E-01
  0.11600E+02 -0.18313E-02  0.42394E-01  0.70300E-03  0.31361E-02  0.10306E-02  0.19975E-01 -0.31584E-03  0.12756E-01
  0.11650E+02 -0.17443E-02  0.41329E-01  0.69553E-03  0.86602E-03  0.10312E-02  0.19540E-01 -0.35039E-03  0.93253E-02
  0.11700E+02 -0.16647E-02  0.40396E-01  0.68715E-03 -0.17481E-02  0.10294E-02  0.17389E-01 -0.38190E-03  0.69764E-02
  0.11750E+02 -0.15925E-02  0.38322E-01  0.67795E-03 -0.28691E-02  0.10252E-02  0.16136E-01 -0.41051E-03  0.10921E-01
  0.11800E+02 -0.15275E-02  0.36485E-01  0.66800E-03 -0.11636E-02  0.10190E-02  0.16354E-01 -0.43634E-03  0.13511E-01
  0.11850E+02 -0.14693E-02  0.34947E-01  0.65739E-03 -0.64232E-03  0.10108E-02  0.17877E-01 -0.45956E-03  0.74996E-02
  0.11900E+02 -0.14174E-02  0.33184E-01  0.64619E-03 -0.80341E-03  0.10011E-02  0.17707E-01 -0.48035E-03  0.26923E-02
  0.11950E+02 -0.13714E-02  0.30749E-01  0.63446E-03 -0.24504E-03  0.99019E-03  0.16459E-01 -0.49892E-03  0.56616E-02
  0.12000E+02 -0.13308E-02  0.28820E-01  0.62225E-03  0.33161E-02  0.97859E-03  0.14330E-01 -0.51549E-03  0.60437E-02
  0.12050E+02 -0.12950E-02  0.27321E-01  0.60962E-03  0.44542E-02  0.96673E-03  0.13100E-01 -0.53028E-03 -0.90656E-03
  0.12100E+02 -0.12635E-02  0.25849E-01  0.59661E-03  0.93093E-03  0.95510E-03  0.13005E-01 -0.54355E-03  0.56677E-02
  0.12150E+02 -0.12358E-02  0.24595E-01  0.58322E-03  0.26165E-02  0.94415E-03  0.11631E-01 -0.55554E-03  0.11338E-01
  0.12200E+02 -0.12118E-02  0.22105E-01  0.56951E-03  0.37515E-02  0.93433E-03  0.11193E-01 -0.56649E-03  0.11286E-01
  0.12250E+02 -0.11909E-02  0.19539E-01  0.55546E-03  0.38055E-02  0.92603E-03  0.13044E-01 -0.57664E-03  0.12616E-01
  0.12300E+02 -0.11731E-02  0.17652E-01  0.54111E-03  0.32098E-02  0.91958E-03  0.13073E-01 -0.58623E-03 -0.14628E-02
  0.12350E+02 -0.11581E-02  0.14685E-01  0.52646E-03  0.20209E-02  0.91525E-03  0.93763E-02 -0.59546E-03 -0.19023E-02
  0.12400E+02 -0.11457E-02  0.12680E-01  0.51153E-03  0.24223E-02  0.91325E-03  0.77952E-02 -0.60455E-03  0.26759E-02
  0.12450E+02 -0.11358E-02  0.11333E-01  0.49636E-03  0.30286E-02  0.91368E-03  0.92591E-02 -0.61364E-03 -0.21167E-02
  0.12500E+02 -0.11283E-02  0.89857E-02  0.48096E-03  0.52044E-02  0.91658E-03  0.89029E-02 -0.62289E-03 -0.64251E-02
  0.12550E+02 -0.11231E-02  0.59506E-02  0.46537E-03  0.48663E-02  0.92188E-03  0.59932E-02 -0.63239E-03 -0.44645E-02
  0.12600E+02 -0.11199E-02  0.31314E-02  0.44964E-03  0.21178E-02  0.92948E-03  0.21331E-02 -0.64223E-03 -0.60815E-02
  0.12650E+02 -0.11185E-02  0.16614E-02  0.43381E-03  0.20612E-02  0.93916E-03  0.15038E-02 -0.65244E-03 -0.10546E-01
  0.12700E+02 -0.11189E-02  0.14644E-03  0.41793E-03  0.15020E-02  0.95070E-03  0.82984E-03 -0.66304E-03 -0.30412E-02
  0.12750E+02 -0.11207E-02 -0.58730E-03  0.40206E-03  0.22575E-02  0.96381E-03  0.51309E-03 -0.67402E-03 -0.56688E-02
  0.12800E+02 -0.11236E-02 -0.27699E-02  0.38627E-03  0.28992E-02  0.97816E-03  0.21241E-02 -0.68537E-03 -0.12925E-01
  0.12850E+02 -0.11275E-02 -0.56168E-02  0.37059E-03  0.37659E-02  0.99345E-03  0.13019E-02 -0.69700E-03 -0.11716E-01
  0.12900E+02 -0.11320E-02 -0.71975E-02  0.35510E-03  0.57956E-02  0.10093E-02  0.56676E-04 -0.70887E-03 -0.14712E-01
  0.12950E+02 -0.11368E-02 -0.78053E-02  0.33984E-03  0.53109E-02  0.10255E-02 -0.10719E-02 -0.72089E-03 -0.15033E-01
  0.13000E+02 -0.11416E-02 -0.98933E-02  0.32486E-03  0.41806E-02  0.10416E-02 -0.11806E-02 -0.73297E-03 -0.18002E-01
  0.13050E+02 -0.11461E-02 -0.12234E-01  0.31021E-03  0.10583E-02  0.10573E-02 -0.15341E-02 -0.74502E-03 -0.15230E-01
  0.13100E+02 -0.11501E-02 -0.13731E-01  0.29593E-03  0.98298E-03  0.10724E-02 -0.55089E-02 -0.75694E-03 -0.76924E-02
  0.13150E+02 -0.11533E-02 -0.16267E-01  0.28204E-03  0.26526E-02  0.10867E-02 -0.69201E-02 -0.76864E-03 -0.15186E-01
  0.13200E+02 -0.11555E-02 -0.18876E-01  0.26859E-03  0.10767E-02  0.10999E-02 -0.62839E-02 -0.78002E-03 -0.15578E-01
  0.13250E+02 -0.11563E-02 -0.19441E-01  0.25561E-03  0.21624E-03  0.11118E-02 -0.59978E-02 -0.79103E-03 -0.74138E-02
  0.13300E+02 -0.11556E-02 -0.19331E-01  0.24310E-03  0.10823E-02  0.11223E-02 -0.59521E-02 -0.80158E-03 -0.85966E-02
  0.13350E+02 -0.11532E-02 -0.20933E-01  0.23109E-03  0.10535E-02  0.11313E-02 -0.80522E-02 -0.81162E-03 -0.18146E-01
  0.13400E+02 -0.11490E-02 -0.22782E-01  0.21960E-03  0.12422E-03  0.11387E-02 -0.82060E-02 -0.82111E-03 -0.16110E-01
  0.13450E+02 -0.11427E-02 -0.23711E-01  0.20865E-03  0.54776E-03  0.11444E-02 -0.76114E-02 -0.83002E-03 -0.25725E-02
  0.13500E+02 -0.11344E-02 -0.24165E-01  0.19825E-03  0.90288E-03  0.11486E-02 -0.65747E-02 -0.83832E-03 -0.35418E-04
  0.13550E+02 -0.11239E-02 -0.24779E-01  0.18841E-03  0.42738E-03  0.11511E-02 -0.58794E-02 -0.84601E-03 -0.22778E-02
  0.13600E+02 -0.11111E-02 -0.25582E-01  0.17914E-03 -0.71232E-03  0.11522E-02 -0.89244E-02 -0.85310E-03  0.11259E-02
  0.13650E+02 -0.10961E-02 -0.26945E-01  0.17044E-03 -0.42940E-04  0.11518E-02 -0.10442E-01 -0.85956E-03 -0.19669E-02
  0.13700E+02 -0.10788E-02 -0.28315E-01  0.16232E-03  0.29965E-03  0.11502E-02 -0.10059E-01 -0.86542E-03 -0.71488E-02
  0.13750E+02 -0.10591E-02 -0.29234E-01  0.15478E-03 -0.97565E-03  0.11473E-02 -0.11548E-01 -0.87069E-03 -0.13389E-01
  0.13800E+02 -0.10373E-02 -0.29728E-01  0.14782E-03  0.14998E-02  0.11435E-02 -0.12538E-01 -0.87537E-03 -0.10404E-01
  0.13850E+02 -0.10132E-02 -0.30009E-01  0.14142E-03  0.34785E-02  0.11389E-02 -0.12334E-01 -0.87949E-03 -0.11718E-02
  0.13900E+02 -0.98701E-03 -0.29857E-01  0.13557E-03  0.26643E-02  0.11335E-02 -0.13632E-01 -0.88304E-03 -0.88617E-03
  0.13950E+02 -0.95878E-03 -0.29654E-01  0.13026E-03  0.23540E-02  0.11277E-02 -0.14918E-01 -0.88603E-03 -0.64105E-02
  0.14000E+02 -0.92863E-03 -0.30039E-01  0.12547E-03  0.18342E-02  0.11215E-02 -0.14809E-01 -0.88849E-03  0.28748E-02
  0.14050E+02 -0.89668E-03 -0.30449E-01  0.12118E-03  0.15260E-02  0.11152E-02 -0.14590E-01 -0.89042E-03  0.18711E-01
  0.14100E+02 -0.86305E-03 -0.29833E-01  0.11737E-03  0.22626E-02  0.11088E-02 -0.14282E-01 -0.89184E-03  0.16428E-01
  0.14150E+02 -0.82791E-03 -0.29664E-01  0.11400E-03  0.18424E-02  0.11024E-02 -0.15122E-01 -0.89275E-03  0.13100E-01
  0.14200E+02 -0.79138E-03 -0.30564E-01  0.11106E-03 -0.63856E-03  0.10963E-02 -0.16445E-01 -0.89318E-03  0.99457E-02
  0.14250E+02 -0.75364E-03 -0.30700E-01  0.10851E-03 -0.15088E-02  0.10904E-02 -0.15439E-01 -0.89313E-03  0.19251E-02
  0.14300E+02 -0.71486E-03 -0.30337E-01  0.10632E-03 -0.50887E-03  0.10849E-02 -0.14403E-01 -0.89263E-03 -0.49686E-02
  0.14350E+02 -0.67519E-03 -0.30188E-01  0.10447E-03  0.36810E-03  0.10797E-02 -0.14705E-01 -0.89169E-03  0.12518E-02
  0.14400E+02 -0.63481E-03 -0.29834E-01  0.10293E-03 -0.41371E-03  0.10750E-02 -0.15260E-01 -0.89032E-03  0.13768E-01
  0.14450E+02 -0.59387E-03 -0.29171E-01  0.10167E-03 -0.97631E-03  0.10708E-02 -0.16264E-01 -0.88856E-03  0.12252E-01
  0.14500E+02 -0.55254E-03 -0.28766E-01  0.10067E-03 -0.28321E-05  0.10670E-02 -0.17513E-01 -0.88642E-03  0.76338E-02
  0.14550E+02 -0.51097E-03 -0.28565E-01  0.99908E-04 -0.56816E-03  0.10636E-02 -0.17131E-01 -0.88393E-03  0.40202E-02
  0.14600E+02 -0.46930E-03 -0.28556E-01  0.99368E-04 -0.21848E-02  0.10606E-02 -0.16151E-01 -0.88112E-03  0.72484E-02
  0.14650E+02 -0.42767E-03 -0.28401E-01  0.99034E-04 -0.35786E-02  0.10580E-02 -0.16051E-01 -0.87802E-03  0.48812E-02
  0.14700E+02 -0.38621E-03 -0.27078E-01  0.98893E-04 -0.29265E-02  0.10557E-02 -0.15729E-01 -0.87467E-03 -0.20739E-02
  0.14750E+02 -0.34502E-03 -0.26304E-01  0.98936E-04 -0.21680E-02  0.10537E-02 -0.14399E-01 -0.87111E-03  0.42433E-02
  0.14800E+02 -0.30420E-03 -0.27049E-01  0.99159E-04 -0.26884E-02  0.10520E-02 -0.14481E-01 -0.86739E-03  0.95032E-02
  0.14850E+02 -0.26385E-03 -0.25964E-01  0.99557E-04 -0.28387E-02  0.10504E-02 -0.15310E-01 -0.86355E-03  0.90719E-02
  0.14900E+02 -0.22402E-03 -0.23412E-01  0.10013E-03 -0.23028E-02  0.10490E-02 -0.14528E-01 -0.85963E-03  0.72013E-02
  0.14950E+02 -0.18480E-03 -0.22288E-01  0.10087E-03 -0.10263E-02  0.10477E-02 -0.14298E-01 -0.85570E-03  0.13689E-02
  0.15000E+02 -0.14624E-03 -0.22734E-01  0.10179E-03 -0.14705E-02  0.10465E-02 -0.15155E-01 -0.85179E-03 -0.47260E-02
  0.15050E+02 -0.10838E-03 -0.21999E-01  0.10288E-03 -0.27830E-02  0.10453E-02 -0.15178E-01 -0.84795E-03 -0.21185E-02
  0.15100E+02 -0.71268E-04 -0.20697E-01  0.10415E-03 -0.27052E-02  0.10441E-02 -0.14681E-01 -0.84422E-03 -0.27108E-02
  0.15150E+02 -0.34930E-04 -0.21015E-01  0.10558E-03 -0.24450E-02  0.10429E-02 -0.13861E-01 -0.84062E-03 -0.10018E-01
  0.15200E+02  0.58950E-06 -0.21407E-01  0.10719E-03 -0.24999E-02  0.10417E-02 -0.12607E-01 -0.83720E-03 -0.14605E-01
  0.15250E+02  0.35276E-04 -0.20371E-01  0.10896E-03 -0.32153E-02  0.10404E-02 -0.11777E-01 -0.83396E-03 -0.92124E-02
  0.15300E+02  0.69091E-04 -0.18391E-01  0.11089E-03 -0.43255E-02  0.10391E-02 -0.12242E-01 -0.83092E-03 -0.11738E-01
  0.15350E+02  0.10202E-03 -0.16452E-01  0.11297E-03 -0.48936E-02  0.10377E-02 -0.12253E-01 -0.82808E-03 -0.21107E-01
  0.15400E+02  0.13404E-03 -0.15446E-01  0.11518E-03 -0.44252E-02  0.10363E-02 -0.11355E-01 -0.82544E-03 -0.17238E-01
  0.15450E+02  0.16512E-03 -0.14217E-01  0.11752E-03 -0.38577E-02  0.10348E-02 -0.93539E-02 -0.82299E-03 -0.71738E-02
  0.15500E+02  0.19526E-03 -0.13045E-01  0.11996E-03 -0.32844E-02  0.10332E-02 -0.72212E-02 -0.82070E-03 -0.44378E-02
  0.15550E+02  0.22443E-03 -0.12381E-01  0.12250E-03 -0.35519E-02  0.10315E-02 -0.68176E-02 -0.81856E-03 -0.10904E-01
  0.15600E+02  0.25263E-03 -0.10974E-01  0.12510E-03 -0.46682E-02  0.10297E-02 -0.79298E-02 -0.81653E-03 -0.97377E-02
  0.15650E+02  0.27983E-03 -0.93267E-02  0.12775E-03 -0.49169E-02  0.10279E-02 -0.82031E-02 -0.81457E-03 -0.10270E-01
  0.15700E+02  0.30604E-03 -0.78132E-02  0.13042E-03 -0.37507E-02  0.10259E-02 -0.68685E-02 -0.81266E-03 -0.17732E-01
  0.15750E+02  0.33125E-03 -0.67325E-02  0.13309E-03 -0.17354E-02  0.10239E-02 -0.53443E-02 -0.81074E-03 -0.14467E-01
  0.15800E+02  0.35546E-03 -0.57265E-02  0.13573E-03 -0.77758E-03  0.10218E-02 -0.47350E-02 -0.80878E-03 -0.14584E-01
  0.15850E+02  0.37866E-03 -0.41577E-02  0.13833E-03 -0.77621E-03  0.10196E-02 -0.45057E-02 -0.80674E-03 -0.19940E-01
  0.15900E+02  0.40088E-03 -0.29507E-02  0.14084E-03 -0.12468E-02  0.10173E-02 -0.41652E-02 -0.80457E-03 -0.13733E-01
  0.15950E+02  0.42211E-03 -0.21399E-02  0.14327E-03 -0.24697E-02  0.10149E-02 -0.39469E-02 -0.80224E-03 -0.77930E-02
  0.16000E+02  0.44237E-03 -0.15452E-02  0.14557E-03 -0.35775E-02  0.10124E-02 -0.32562E-02 -0.79972E-03 -0.49671E-02
  0.16050E+02  0.46169E-03 -0.56311E-03  0.14774E-03 -0.38209E-02  0.10098E-02 -0.21157E-02 -0.79696E-03 -0.68247E-02
  0.16100E+02  0.48006E-03  0.75315E-03  0.14975E-03 -0.30015E-02  0.10071E-02 -0.15101E-02 -0.79394E-03 -0.13521E-01
  0.16150E+02  0.49751E-03  0.14521E-02  0.15160E-03 -0.22752E-02  0.10042E-02 -0.86092E-03 -0.79063E-03 -0.89009E-02
  0.16200E+02  0.51408E-03  0.25862E-02  0.15326E-03 -0.10634E-02  0.10012E-02  0.18185E-03 -0.78702E-03 -0.42566E-02
  0.16250E+02  0.52977E-03  0.41934E-02  0.15473E-03 -0.23461E-03  0.99815E-03 -0.11930E-03 -0.78306E-03 -0.23985E-02
  0.16300E+02  0.54461E-03  0.51488E-02  0.15601E-03 -0.45811E-03  0.99492E-03  0.28467E-04 -0.77875E-03  0.33262E-02
  0.16350E+02  0.55864E-03  0.63752E-02  0.15709E-03 -0.12731E-02  0.99156E-03  0.26063E-02 -0.77407E-03  0.19715E-02
  0.16400E+02  0.57187E-03  0.78801E-02  0.15797E-03 -0.33339E-02  0.98806E-03  0.50946E-02 -0.76902E-03 -0.21938E-02
  0.16450E+02  0.58433E-03  0.91262E-02  0.15865E-03 -0.52354E-02  0.98444E-03  0.52914E-02 -0.76356E-03 -0.13030E-02
  0.16500E+02  0.59605E-03  0.10662E-01  0.15913E-03 -0.56970E-02  0.98068E-03  0.51109E-02 -0.75772E-03  0.95585E-02
  0.16550E+02  0.60705E-03  0.12176E-01  0.15942E-03 -0.40684E-02  0.97678E-03  0.68890E-02 -0.75146E-03  0.19307E-01
  0.16600E+02  0.61737E-03  0.13295E-01  0.15953E-03 -0.11861E-02  0.97276E-03  0.79066E-02 -0.74480E-03  0.15634E-01
  0.16650E+02  0.62703E-03  0.14557E-01  0.15946E-03  0.37387E-03  0.96860E-03  0.52966E-02 -0.73772E-03  0.41681E-02
  0.16700E+02  0.63606E-03  0.15901E-01  0.15923E-03  0.42927E-04  0.96431E-03  0.39493E-02 -0.73024E-03 -0.75250E-03
  0.16750E+02  0.64449E-03  0.16575E-01  0.15884E-03 -0.20169E-02  0.95991E-03  0.68942E-02 -0.72234E-03  0.42122E-02
  0.16800E+02  0.65235E-03  0.16334E-01  0.15831E-03 -0.44449E-02  0.95537E-03  0.92690E-02 -0.71403E-03  0.34498E-02
  0.16850E+02  0.65966E-03  0.15443E-01  0.15764E-03 -0.44735E-02  0.95072E-03  0.87516E-02 -0.70531E-03  0.36258E-02
  0.16900E+02  0.66645E-03  0.14972E-01  0.15685E-03 -0.19460E-02  0.94595E-03  0.79769E-02 -0.69618E-03  0.45305E-02
  0.16950E+02  0.67276E-03  0.15328E-01  0.15595E-03 -0.50487E-03  0.94108E-03  0.81126E-02 -0.68665E-03  0.99028E-03
  0.17000E+02  0.67860E-03  0.16010E-01  0.15495E-03 -0.21429E-02  0.93610E-03  0.87340E-02 -0.67673E-03  0.39589E-02
  0.17050E+02  0.68402E-03  0.17018E-01  0.15387E-03 -0.32191E-02  0.93102E-03  0.95832E-02 -0.66642E-03  0.41140E-02
  0.17100E+02  0.68904E-03  0.18351E-01  0.15271E-03 -0.17685E-02  0.92585E-03  0.10120E-01 -0.65572E-03  0.26907E-02
  0.17150E+02  0.69369E-03  0.19512E-01  0.15150E-03 -0.15999E-02  0.92060E-03  0.92610E-02 -0.64465E-03  0.88171E-02
  0.17200E+02  0.69800E-03  0.20311E-01  0.15023E-03 -0.17813E-02  0.91527E-03  0.82737E-02 -0.63321E-03  0.10805E-02
  0.17250E+02  0.70200E-03  0.21219E-01  0.14893E-03  0.16925E-03  0.90988E-03  0.86636E-02 -0.62142E-03  0.72337E-02
  0.17300E+02  0.70573E-03  0.21745E-01  0.14760E-03  0.17151E-02  0.90443E-03  0.10862E-01 -0.60929E-03  0.16249E-01
  0.17350E+02  0.70920E-03  0.20939E-01  0.14626E-03  0.14801E-02  0.89892E-03  0.13571E-01 -0.59682E-03  0.92757E-02
  0.17400E+02  0.71245E-03  0.20356E-01  0.14491E-03  0.10806E-02  0.89338E-03  0.14811E-01 -0.58403E-03  0.21704E-01
  0.17450E+02  0.71552E-03  0.20879E-01  0.14356E-03  0.57893E-03  0.88780E-03  0.14963E-01 -0.57094E-03  0.15565E-01
  0.17500E+02  0.71842E-03  0.20936E-01  0.14223E-03  0.53294E-03  0.88220E-03  0.15212E-01 -0.55756E-03  0.31551E-03
  0.17550E+02  0.72117E-03  0.20903E-01  0.14092E-03  0.19566E-02  0.87659E-03  0.14146E-01 -0.54391E-03 -0.18237E-02
  0.17600E+02  0.72382E-03  0.21203E-01  0.13964E-03  0.30475E-02  0.87097E-03  0.12054E-01 -0.52999E-03  0.83813E-03
  0.17650E+02  0.72637E-03  0.20824E-01  0.13841E-03  0.28039E-02  0.86536E-03  0.10517E-01 -0.51584E-03  0.15192E-02
  0.17700E+02  0.72885E-03  0.20444E-01  0.13722E-03  0.24864E-02  0.85976E-03  0.96898E-02 -0.50147E-03  0.48137E-02
  0.17750E+02  0.73128E-03  0.20594E-01  0.13608E-03  0.18270E-02  0.85419E-03  0.95402E-02 -0.48689E-03  0.14306E-01
  0.17800E+02  0.73368E-03  0.20165E-01  0.13501E-03  0.88840E-03  0.84864E-03  0.97778E-02 -0.47212E-03  0.21618E-01
  0.17850E+02  0.73605E-03  0.19079E-01  0.13399E-03  0.21725E-02  0.84313E-03  0.10145E-01 -0.45719E-03  0.21146E-01
  0.17900E+02  0.73841E-03  0.18175E-01  0.13305E-03  0.44541E-02  0.83766E-03  0.10167E-01 -0.44212E-03  0.80384E-02
  0.17950E+02  0.74077E-03  0.18192E-01  0.13218E-03  0.47126E-02  0.83224E-03  0.94634E-02  0.00000E+00 -0.00000E+00
  0.18000E+02  0.74314E-03  0.18639E-01  0.13139E-03  0.37864E-02  0.82687E-03  0.97722E-02  0.00000E+00 -0.00000E+00
  0.18050E+02  0.74552E-03  0.17616E-01  0.13069E-03  0.33947E-02  0.82156E-03  0.10573E-01  0.00000E+00 -0.00000E+00
  0.18100E+02  0.74791E-03  0.15738E-01  0.13006E-03  0.26135E-02  0.81631E-03  0.10844E-01  0.00000E+00 -0.00000E+00
  0.18150E+02  0.75031E-03  0.14916E-01  0.12951E-03  0.13586E-02  0.81112E-03  0.10612E-01  0.00000E+00 -0.00000E+00
  0.18200E+02  0.75273E-03  0.14894E-01  0.12905E-03  0.11600E-02  0.80599E-03  0.10508E-01  0.00000E+00 -0.00000E+00
  0.18250E+02  0.75515E-03  0.14704E-01  0.12868E-03  0.11830E-02  0.80092E-03  0.10136E-01  0.00000E+00 -0.00000E+00
  0.18300E+02  0.75757E-03  0.14901E-01  0.12839E-03 -0.39064E-04  0.79592E-03  0.79707E-02  0.00000E+00 -0.00000E+00
  0.18350E+02  0.75999E-03  0.15204E-01  0.12818E-03 -0.33924E-03  0.79098E-03  0.56350E-02  0.00000E+00 -0.00000E+00
  0.18400E+02  0.76239E-03  0.14412E-01  0.12805E-03  0.85819E-03  0.78610E-03  0.55122E-02  0.00000E+00 -0.00000E+00
  0.18450E+02  0.76477E-03  0.13229E-01  0.12801E-03  0.57679E-03  0.78127E-03  0.59890E-02  0.00000E+00 -0.00000E+00
  0.18500E+02  0.76711E-03  0.12485E-01  0.12803E-03 -0.59215E-03  0.77649E-03  0.56490E-02  0.00000E+00 -0.00000E+00
  0.18550E+02  0.76940E-03  0.11801E-01  0.12814E-03 -0.61605E-03  0.77176E-03  0.49252E-02  0.00000E+00 -0.00000E+00
  0.18600E+02  0.77164E-03  0.11025E-01  0.12831E-03  0.85139E-03  0.76708E-03  0.45316E-02  0.00000E+00 -0.00000E+00
  0.18650E+02  0.77380E-03  0.10233E-01  0.12854E-03  0.22254E-02  0.76244E-03  0.40011E-02  0.00000E+00 -0.00000E+00
  0.18700E+02  0.77587E-03  0.96031E-02  0.12884E-03  0.22476E-02  0.75782E-03  0.17339E-02  0.00000E+00 -0.00000E+00
  0.18750E+02  0.77784E-03  0.92262E-02  0.12920E-03  0.15433E-02  0.75324E-03  0.12866E-03  0.00000E+00 -0.00000E+00
  0.18800E+02  0.77969E-03  0.85495E-02  0.12961E-03  0.10318E-02  0.74868E-03  0.76104E-03  0.00000E+00 -0.00000E+00
  0.18850E+02  0.78142E-03  0.73369E-02  0.13007E-03  0.57084E-03  0.74413E-03  0.22637E-02  0.00000E+00 -0.00000E+00
  0.18900E+02  0.78300E-03  0.66055E-02  0.13057E-03  0.24901E-03  0.73960E-03  0.36105E-02  0.00000E+00 -0.00000E+00
  0.18950E+02  0.78442E-03  0.62845E-02  0.13111E-03  0.91622E-03  0.73507E-03  0.44420E-02  0.00000E+00 -0.00000E+00
  0.19000E+02  0.78568E-03  0.58011E-02  0.13168E-03  0.20111E-02  0.73055E-03  0.41113E-02  0.00000E+00 -0.00000E+00
  0.19050E+02  0.78676E-03  0.51333E-02  0.13229E-03  0.20523E-02  0.72602E-03  0.34922E-02  0.00000E+00 -0.00000E+00
  0.19100E+02  0.78765E-03  0.45608E-02  0.13292E-03  0.62128E-03  0.72148E-03  0.28578E-02  0.00000E+00 -0.00000E+00
  0.19150E+02  0.78834E-03  0.36742E-02  0.13357E-03 -0.36349E-03  0.71692E-03  0.13131E-02  0.00000E+00 -0.00000E+00
  0.19200E+02  0.78882E-03  0.21431E-02  0.13424E-03 -0.46770E-04  0.71235E-03 -0.90519E-03  0.00000E+00 -0.00000E+00
  0.19250E+02  0.78909E-03  0.45686E-03  0.13492E-03  0.55720E-03  0.70776E-03 -0.16240E-02  0.00000E+00 -0.00000E+00
  0.19300E+02  0.78913E-03 -0.81970E-03  0.13562E-03  0.11077E-02  0.70314E-03 -0.64604E-03  0.00000E+00 -0.00000E+00
  0.19350E+02  0.78894E-03 -0.17415E-02  0.13632E-03  0.57533E-03  0.69850E-03 -0.29639E-05  0.00000E+00 -0.00000E+00
  0.19400E+02  0.78852E-03 -0.24968E-02  0.13702E-03 -0.69963E-03  0.69383E-03 -0.34499E-03  0.00000E+00 -0.00000E+00
  0.19450E+02  0.78786E-03 -0.30517E-02  0.13773E-03  0.66560E-03  0.68912E-03 -0.13535E-02  0.00000E+00 -0.00000E+00
  0.19500E+02  0.78696E-03 -0.36544E-02  0.13843E-03  0.42921E-02  0.68438E-03 -0.18198E-02  0.00000E+00 -0.00000E+00
  0.19550E+02  0.78583E-03 -0.47995E-02  0.13914E-03  0.42942E-02  0.67961E-03 -0.23780E-02  0.00000E+00 -0.00000E+00
  0.19600E+02  0.78445E-03 -0.58171E-02  0.13984E-03  0.83463E-03  0.67480E-03 -0.25933E-02  0.00000E+00 -0.00000E+00
  0.19650E+02  0.78283E-03 -0.62669E-02  0.14053E-03 -0.14711E-02  0.66996E-03 -0.30753E-02  0.00000E+00 -0.00000E+00
  0.19700E+02  0.78098E-03 -0.63331E-02  0.14121E-03 -0.12399E-02  0.66509E-03 -0.40337E-02  0.00000E+00 -0.00000E+00
  0.19750E+02  0.77890E-03 -0.68558E-02  0.14189E-03 -0.99812E-03  0.66017E-03 -0.43990E-02  0.00000E+00 -0.00000E+00
  0.19800E+02  0.77658E-03 -0.75002E-02  0.14256E-03 -0.41195E-04  0.65522E-03 -0.34328E-02  0.00000E+00 -0.00000E+00
  0.19850E+02  0.77405E-03 -0.75112E-02  0.14322E-03  0.27882E-02  0.65024E-03 -0.19454E-02  0.00000E+00 -0.00000E+00
  0.19900E+02  0.77129E-03 -0.78961E-02  0.14386E-03  0.40637E-02  0.64522E-03 -0.18961E-02  0.00000E+00 -0.00000E+00
  0.19950E+02  0.76831E-03 -0.92161E-02  0.14450E-03  0.22178E-02  0.64017E-03 -0.29635E-02  0.00000E+00 -0.00000E+00
  0.20000E+02  0.76514E-03 -0.10360E-01  0.14512E-03  0.47071E-03  0.63508E-03 -0.38369E-02  0.00000E+00 -0.00000E+00
  0.20050E+02  0.76175E-03 -0.10977E-01  0.14573E-03 -0.30861E-03  0.62996E-03 -0.38997E-02  0.00000E+00 -0.00000E+00
  0.20100E+02  0.75818E-03 -0.11551E-01  0.14633E-03 -0.16237E-02  0.62481E-03 -0.44332E-02  0.00000E+00 -0.00000E+00
  0.20150E+02  0.75442E-03 -0.12653E-01  0.14692E-03 -0.24089E-02  0.61963E-03 -0.55205E-02  0.00000E+00 -0.00000E+00
  0.20200E+02  0.75048E-03 -0.13029E-01  0.14750E-03 -0.12951E-03  0.61442E-03 -0.55094E-02  0.00000E+00 -0.00000E+00
  0.20250E+02  0.74637E-03 -0.12416E-01  0.14806E-03  0.34016E-02  0.60918E-03 -0.42316E-02  0.00000E+00 -0.00000E+00
  0.20300E+02  0.74210E-03 -0.11438E-01  0.14861E-03  0.34719E-02  0.60391E-03 -0.40635E-02  0.00000E+00 -0.00000E+00
  0.20350E+02  0.73767E-03 -0.11209E-01  0.14914E-03  0.12613E-02  0.59861E-03 -0.39774E-02  0.00000E+00 -0.00000E+00
  0.20400E+02  0.73309E-03 -0.12011E-01  0.14966E-03  0.12165E-02  0.59328E-03 -0.32469E-02  0.00000E+00 -0.00000E+00
  0.20450E+02  0.72837E-03 -0.12809E-01  0.15016E-03  0.31102E-02  0.58793E-03 -0.26398E-02  0.00000E+00 -0.00000E+00
  0.20500E+02  0.72352E-03 -0.13303E-01  0.15065E-03  0.41466E-02  0.58255E-03 -0.27969E-02  0.00000E+00 -0.00000E+00
  0.20550E+02  0.71855E-03 -0.13706E-01  0.15113E-03  0.27986E-02  0.57714E-03 -0.30718E-02  0.00000E+00 -0.00000E+00
  0.20600E+02  0.71345E-03 -0.13865E-01  0.15159E-03  0.79184E-03  0.57171E-03 -0.32218E-02  0.00000E+00 -0.00000E+00
  0.20650E+02  0.70824E-03 -0.13748E-01  0.15203E-03 -0.33087E-03  0.56625E-03 -0.46872E-02  0.00000E+00 -0.00000E+00
  0.20700E+02  0.70292E-03 -0.13640E-01  0.15245E-03  0.24088E-03  0.56076E-03 -0.69333E-02  0.00000E+00 -0.00000E+00
  0.20750E+02  0.69750E-03 -0.13853E-01  0.15286E-03  0.69196E-03  0.55525E-03 -0.80548E-02  0.00000E+00 -0.00000E+00
  0.20800E+02  0.69199E-03 -0.13608E-01  0.15325E-03  0.10960E-02  0.54971E-03 -0.60814E-02  0.00000E+00 -0.00000E+00
  0.20850E+02  0.68639E-03 -0.12613E-01  0.15362E-03  0.13778E-02  0.54415E-03 -0.32803E-02  0.00000E+00 -0.00000E+00
  0.20900E+02  0.68070E-03 -0.11681E-01  0.15397E-03  0.73548E-03  0.53857E-03 -0.32887E-02  0.00000E+00 -0.00000E+00
  0.20950E+02  0.67493E-03 -0.11590E-01  0.15429E-03 -0.43239E-03  0.53296E-03 -0.46293E-02  0.00000E+00 -0.00000E+00
  0.21000E+02  0.66908E-03 -0.11602E-01  0.15460E-03  0.90127E-04  0.52733E-03 -0.55661E-02  0.00000E+00 -0.00000E+00
  0.21050E+02  0.66316E-03 -0.10909E-01  0.15488E-03  0.17822E-02  0.52168E-03 -0.54550E-02  0.00000E+00 -0.00000E+00
  0.21100E+02  0.65717E-03 -0.10064E-01  0.15514E-03  0.25233E-02  0.51601E-03 -0.52675E-02  0.00000E+00 -0.00000E+00
  0.21150E+02  0.65111E-03 -0.10291E-01  0.15538E-03  0.26169E-02  0.51031E-03 -0.47777E-02  0.00000E+00 -0.00000E+00
  0.21200E+02  0.64498E-03 -0.10777E-01  0.15559E-03  0.33656E-02  0.50459E-03 -0.37475E-02  0.00000E+00 -0.00000E+00
  0.21250E+02  0.63880E-03 -0.10868E-01  0.15578E-03  0.34110E-02  0.49886E-03 -0.41430E-02  0.00000E+00 -0.00000E+00
  0.21300E+02  0.63255E-03 -0.10515E-01  0.15594E-03  0.23062E-02  0.49311E-03 -0.59896E-02  0.00000E+00 -0.00000E+00
  0.21350E+02  0.62624E-03 -0.10098E-01  0.15608E-03  0.79202E-03  0.48734E-03 -0.80579E-02  0.00000E+00 -0.00000E+00
  0.21400E+02  0.61988E-03 -0.98420E-02  0.15619E-03 -0.48986E-03  0.48156E-03 -0.84956E-02  0.00000E+00 -0.00000E+00
  0.21450E+02  0.61346E-03 -0.99358E-02  0.15628E-03 -0.19911E-02  0.47576E-03 -0.72242E-02  0.00000E+00 -0.00000E+00
  0.21500E+02  0.60698E-03 -0.10117E-01  0.15634E-03 -0.17639E-02  0.46994E-03 -0.49927E-02  0.00000E+00 -0.00000E+00
  0.21550E+02  0.60045E-03 -0.97930E-02  0.15637E-03 -0.46035E-03  0.46412E-03 -0.34497E-02  0.00000E+00 -0.00000E+00
  0.21600E+02  0.59386E-03 -0.88120E-02  0.15638E-03  0.61774E-03  0.45828E-03 -0.36005E-02  0.00000E+00 -0.00000E+00
  0.21650E+02  0.58722E-03 -0.77509E-02  0.15637E-03  0.16344E-02  0.45243E-03 -0.44506E-02  0.00000E+00 -0.00000E+00
  0.21700E+02  0.58053E-03 -0.68429E-02  0.15633E-03  0.30992E-02  0.44658E-03 -0.51297E-02  0.00000E+00 -0.00000E+00
  0.21750E+02  0.57378E-03 -0.63446E-02  0.15626E-03  0.35817E-02  0.44072E-03 -0.44456E-02  0.00000E+00 -0.00000E+00
  0.21800E+02  0.56698E-03 -0.63314E-02  0.15617E-03  0.17416E-02  0.43485E-03 -0.24904E-02  0.00000E+00 -0.00000E+00
  0.21850E+02  0.56014E-03 -0.63563E-02  0.15606E-03 -0.68813E-03  0.42899E-03 -0.15586E-02  0.00000E+00 -0.00000E+00
  0.21900E+02  0.55324E-03 -0.59897E-02  0.15592E-03 -0.11507E-02  0.42312E-03 -0.24841E-02  0.00000E+00 -0.00000E+00
  0.21950E+02  0.54629E-03 -0.51562E-02  0.15576E-03 -0.59266E-03  0.41725E-03 -0.41791E-02  0.00000E+00 -0.00000E+00
  0.22000E+02  0.53929E-03 -0.41353E-02  0.15558E-03 -0.11956E-02  0.41138E-03 -0.47739E-02  0.00000E+00 -0.00000E+00
  0.22050E+02  0.53224E-03 -0.27560E-02  0.15538E-03 -0.23172E-02  0.40552E-03 -0.47680E-02  0.00000E+00 -0.00000E+00
  0.22100E+02  0.52515E-03 -0.13528E-02  0.15516E-03 -0.18125E-02  0.39966E-03 -0.44186E-02  0.00000E+00 -0.00000E+00
  0.22150E+02  0.51800E-03 -0.10255E-02  0.15493E-03 -0.55896E-03  0.39380E-03 -0.30281E-02  0.00000E+00 -0.00000E+00
  0.22200E+02  0.51082E-03 -0.20437E-02  0.15467E-03 -0.34623E-03  0.38796E-03 -0.60581E-03  0.00000E+00 -0.00000E+00
  0.22250E+02  0.50358E-03 -0.31763E-02  0.15439E-03 -0.14416E-02  0.38213E-03  0.98755E-03  0.00000E+00 -0.00000E+00
  0.22300E+02  0.49631E-03 -0.28845E-02  0.15410E-03 -0.19874E-02  0.37631E-03  0.12307E-02  0.00000E+00 -0.00000E+00
  0.22350E+02  0.48899E-03 -0.17193E-02  0.15380E-03 -0.23832E-02  0.37050E-03  0.91645E-03  0.00000E+00 -0.00000E+00
  0.22400E+02  0.48164E-03 -0.80225E-03  0.15347E-03 -0.18224E-02  0.36471E-03  0.61813E-03  0.00000E+00 -0.00000E+00
  0.22450E+02  0.47425E-03  0.56029E-04  0.15314E-03 -0.71695E-03  0.35894E-03  0.36584E-04  0.00000E+00 -0.00000E+00
  0.22500E+02  0.46682E-03  0.95569E-03  0.15279E-03  0.29237E-03  0.35319E-03 -0.34581E-03  0.00000E+00 -0.00000E+00
  0.22550E+02  0.45935E-03  0.17342E-02  0.15243E-03  0.18228E-03  0.34746E-03 -0.38359E-03  0.00000E+00 -0.00000E+00
  0.22600E+02  0.45186E-03  0.16501E-02  0.15206E-03 -0.15883E-02  0.34175E-03 -0.11902E-03  0.00000E+00 -0.00000E+00
  0.22650E+02  0.44434E-03  0.14109E-02  0.15168E-03 -0.32249E-02  0.33607E-03 -0.47397E-03  0.00000E+00 -0.00000E+00
  0.22700E+02  0.43680E-03  0.15601E-02  0.15129E-03 -0.32103E-02  0.33042E-03 -0.83360E-03  0.00000E+00 -0.00000E+00
  0.22750E+02  0.42923E-03  0.22747E-02  0.15088E-03 -0.11805E-02  0.32479E-03 -0.47747E-03  0.00000E+00 -0.00000E+00
  0.22800E+02  0.42164E-03  0.33382E-02  0.15047E-03  0.18088E-02  0.31919E-03  0.94234E-03  0.00000E+00 -0.00000E+00
  0.22850E+02  0.41404E-03  0.44763E-02  0.15005E-03  0.29597E-02  0.31363E-03  0.22254E-02  0.00000E+00 -0.00000E+00
  0.22900E+02  0.40643E-03  0.50845E-02  0.14963E-03  0.19321E-02  0.30810E-03  0.24475E-02  0.00000E+00 -0.00000E+00
  0.22950E+02  0.39880E-03  0.52283E-02  0.14919E-03  0.41538E-03  0.30260E-03  0.26575E-02  0.00000E+00 -0.00000E+00
  0.23000E+02  0.39117E-03  0.55679E-02  0.14875E-03  0.90930E-04  0.29714E-03  0.34288E-02  0.00000E+00 -0.00000E+00
  0.23050E+02  0.38353E-03  0.62969E-02  0.14830E-03 -0.48077E-04  0.29171E-03  0.41149E-02  0.00000E+00 -0.00000E+00
  0.23100E+02  0.37590E-03  0.68891E-02  0.14785E-03 -0.19049E-02  0.28632E-03  0.36112E-02  0.00000E+00 -0.00000E+00
  0.23150E+02  0.36827E-03  0.66429E-02  0.14738E-03 -0.38732E-02  0.28098E-03  0.31914E-02  0.00000E+00 -0.00000E+00
  0.23200E+02  0.36065E-03  0.60589E-02  0.14692E-03 -0.37746E-02  0.27567E-03  0.42648E-02  0.00000E+00 -0.00000E+00
  0.23250E+02  0.35304E-03  0.59808E-02  0.14644E-03 -0.16673E-02  0.27041E-03  0.60197E-02  0.00000E+00 -0.00000E+00
  0.23300E+02  0.34544E-03  0.65262E-02  0.14596E-03 -0.37362E-03  0.26519E-03  0.62162E-02  0.00000E+00 -0.00000E+00
  0.23350E+02  0.33786E-03  0.71855E-02  0.14548E-03 -0.51753E-03  0.26001E-03  0.50615E-02  0.00000E+00 -0.00000E+00
  0.23400E+02  0.33031E-03  0.73267E-02  0.14499E-03 -0.11715E-02  0.25488E-03  0.38669E-02  0.00000E+00 -0.00000E+00
  0.23450E+02  0.32278E-03  0.73242E-02  0.14449E-03 -0.82290E-03  0.24980E-03  0.36450E-02  0.00000E+00 -0.00000E+00
  0.23500E+02  0.31528E-03  0.71979E-02  0.14398E-03 -0.39654E-03  0.24476E-03  0.39115E-02  0.00000E+00 -0.00000E+00
  0.23550E+02  0.30782E-03  0.69690E-02  0.14347E-03  0.18943E-03  0.23977E-03  0.37153E-02  0.00000E+00 -0.00000E+00
  0.23600E+02  0.30039E-03  0.69984E-02  0.14296E-03  0.99265E-03  0.23483E-03  0.33960E-02  0.00000E+00 -0.00000E+00
  0.23650E+02  0.29300E-03  0.74869E-02  0.14243E-03  0.17905E-02  0.22994E-03  0.25693E-02  0.00000E+00 -0.00000E+00
  0.23700E+02  0.28566E-03  0.78599E-02  0.14191E-03  0.21023E-02  0.22509E-03  0.20696E-02  0.00000E+00 -0.00000E+00
  0.23750E+02  0.27837E-03  0.76348E-02  0.14137E-03  0.14245E-02  0.22030E-03  0.22276E-02  0.00000E+00 -0.00000E+00
  0.23800E+02  0.27112E-03  0.70557E-02  0.14083E-03  0.45364E-03  0.21556E-03  0.27764E-02  0.00000E+00 -0.00000E+00
  0.23850E+02  0.26393E-03  0.69427E-02  0.14028E-03 -0.13956E-02  0.21087E-03  0.26837E-02  0.00000E+00 -0.00000E+00
  0.23900E+02  0.25679E-03  0.70574E-02  0.13972E-03 -0.26774E-02  0.20624E-03  0.18342E-02  0.00000E+00 -0.00000E+00
  0.23950E+02  0.24972E-03  0.70847E-02  0.13915E-03 -0.39461E-02  0.20166E-03  0.61016E-03  0.00000E+00 -0.00000E+00
  0.24000E+02  0.24271E-03  0.66296E-02  0.13858E-03 -0.45097E-02  0.19713E-03 -0.13386E-03  0.00000E+00 -0.00000E+00
  0.24050E+02  0.23577E-03  0.62801E-02  0.13800E-03 -0.45086E-02  0.19265E-03 -0.42864E-03  0.00000E+00 -0.00000E+00
  0.24100E+02  0.22889E-03  0.63309E-02  0.13741E-03 -0.43483E-02  0.18823E-03 -0.10073E-02  0.00000E+00 -0.00000E+00
  0.24150E+02  0.22209E-03  0.68504E-02  0.13681E-03 -0.45743E-02  0.18386E-03 -0.23084E-02  0.00000E+00 -0.00000E+00
  0.24200E+02  0.21536E-03  0.69441E-02  0.13621E-03 -0.46552E-02  0.17955E-03 -0.33037E-02  0.00000E+00 -0.00000E+00
  0.24250E+02  0.20871E-03  0.62573E-02  0.13559E-03 -0.48312E-02  0.17529E-03 -0.27205E-02  0.00000E+00 -0.00000E+00
  0.24300E+02  0.20214E-03  0.50817E-02  0.13496E-03 -0.45277E-02  0.17108E-03 -0.42866E-03  0.00000E+00 -0.00000E+00
  0.24350E+02  0.19565E-03  0.45242E-02  0.13433E-03 -0.38212E-02  0.16694E-03  0.21766E-02  0.00000E+00 -0.00000E+00
  0.24400E+02  0.18924E-03  0.43999E-02  0.13368E-03 -0.26083E-02  0.16284E-03  0.31960E-02  0.00000E+00 -0.00000E+00
  0.24450E+02  0.18292E-03  0.44111E-02  0.13302E-03 -0.17145E-02  0.15881E-03  0.26538E-02  0.00000E+00 -0.00000E+00
  0.24500E+02  0.17669E-03  0.38890E-02  0.13236E-03 -0.20465E-02  0.15483E-03  0.10952E-02  0.00000E+00 -0.00000E+00
  0.24550E+02  0.17055E-03  0.34951E-02  0.13168E-03 -0.35022E-02  0.15090E-03 -0.50264E-03  0.00000E+00 -0.00000E+00
  0.24600E+02  0.16450E-03  0.33692E-02  0.13099E-03 -0.42135E-02  0.14704E-03 -0.87869E-03  0.00000E+00 -0.00000E+00
  0.24650E+02  0.15854E-03  0.36580E-02  0.13029E-03 -0.34604E-02  0.14322E-03  0.11920E-03  0.00000E+00 -0.00000E+00
  0.24700E+02  0.15268E-03  0.37967E-02  0.12958E-03 -0.13814E-02  0.13947E-03  0.20406E-02  0.00000E+00 -0.00000E+00
  0.24750E+02  0.14692E-03  0.37547E-02  0.12885E-03  0.16717E-03  0.13577E-03  0.27681E-02  0.00000E+00 -0.00000E+00
  0.24800E+02  0.14126E-03  0.32004E-02  0.12812E-03  0.28328E-03  0.13213E-03  0.20356E-02  0.00000E+00 -0.00000E+00
  0.24850E+02  0.13569E-03  0.23576E-02  0.12737E-03 -0.10604E-02  0.12854E-03  0.18461E-03  0.00000E+00 -0.00000E+00
  0.24900E+02  0.13023E-03  0.17222E-02  0.12661E-03 -0.19060E-02  0.12501E-03 -0.44596E-03  0.00000E+00 -0.00000E+00
  0.24950E+02  0.12487E-03  0.14685E-02  0.12583E-03 -0.12078E-02  0.12154E-03  0.10501E-03  0.00000E+00 -0.00000E+00
  0.25000E+02  0.11961E-03  0.11727E-02  0.12505E-03  0.62064E-03  0.11812E-03  0.11972E-02  0.00000E+00 -0.00000E+00
  0.25050E+02  0.11446E-03  0.27025E-03  0.12424E-03  0.18071E-02  0.11476E-03  0.12949E-02  0.00000E+00 -0.00000E+00
  0.25100E+02  0.10941E-03 -0.65418E-03  0.12343E-03  0.14253E-02  0.11145E-03  0.35095E-03  0.00000E+00 -0.00000E+00
  0.25150E+02  0.10446E-03 -0.10575E-02  0.12260E-03  0.41365E-04  0.10820E-03 -0.75252E-03  0.00000E+00 -0.00000E+00
  0.25200E+02  0.99622E-04 -0.55986E-03  0.12176E-03 -0.16760E-02  0.10501E-03 -0.68740E-03  0.00000E+00 -0.00000E+00
  0.25250E+02  0.94889E-04  0.61215E-04  0.12090E-03 -0.24476E-02  0.10187E-03  0.24356E-03  0.00000E+00 -0.00000E+00
  0.25300E+02  0.90264E-04  0.48641E-03  0.12003E-03 -0.23962E-02  0.98783E-04  0.61802E-03  0.00000E+00 -0.00000E+00
  0.25350E+02  0.85746E-04  0.62115E-03  0.11915E-03 -0.10638E-02  0.95754E-04  0.81323E-03  0.00000E+00 -0.00000E+00
  0.25400E+02  0.81334E-04  0.71057E-03  0.11825E-03  0.27288E-03  0.92778E-04  0.13014E-02  0.00000E+00 -0.00000E+00
  0.25450E+02  0.77029E-04  0.67723E-03  0.11734E-03  0.53921E-03  0.89855E-04  0.25066E-02  0.00000E+00 -0.00000E+00
  0.25500E+02  0.72831E-04  0.47778E-03  0.11641E-03 -0.59357E-03  0.86987E-04  0.27381E-02  0.00000E+00 -0.00000E+00
  0.25550E+02  0.68740E-04  0.43197E-03  0.11547E-03 -0.15409E-02  0.84172E-04  0.20096E-02  0.00000E+00 -0.00000E+00
  0.25600E+02  0.64756E-04  0.61282E-03  0.11452E-03 -0.14240E-02  0.81409E-04  0.67772E-03  0.00000E+00 -0.00000E+00
  0.25650E+02  0.60878E-04  0.82948E-03  0.11355E-03  0.39441E-03  0.78698E-04  0.67501E-03  0.00000E+00 -0.00000E+00
  0.25700E+02  0.57105E-04  0.62555E-03  0.11256E-03  0.24737E-02  0.76039E-04  0.11063E-02  0.00000E+00 -0.00000E+00
  0.25750E+02  0.53438E-04 -0.57374E-04  0.11156E-03  0.35684E-02  0.73431E-04  0.14051E-02  0.00000E+00 -0.00000E+00
  0.25800E+02  0.49875E-04 -0.89420E-03  0.11055E-03  0.29906E-02  0.70874E-04  0.95855E-03  0.00000E+00 -0.00000E+00
  0.25850E+02  0.46416E-04 -0.15620E-02  0.10952E-03  0.16114E-02  0.68367E-04  0.77032E-03  0.00000E+00 -0.00000E+00
  0.25900E+02  0.43060E-04 -0.16500E-02  0.10848E-03  0.57067E-03  0.65909E-04  0.86881E-03  0.00000E+00 -0.00000E+00
  0.25950E+02  0.39807E-04 -0.13459E-02  0.10743E-03  0.70216E-03  0.63500E-04  0.43835E-03  0.00000E+00 -0.00000E+00
  0.26000E+02  0.36655E-04 -0.75749E-03  0.10636E-03  0.10789E-02  0.61140E-04 -0.95442E-04  0.00000E+00 -0.00000E+00
  0.26050E+02  0.33602E-04 -0.37398E-03  0.10528E-03  0.17443E-02  0.58826E-04 -0.25975E-03  0.00000E+00 -0.00000E+00
  0.26100E+02  0.30649E-04 -0.30708E-03  0.10419E-03  0.21653E-02  0.56559E-04  0.31143E-03  0.00000E+00 -0.00000E+00
  0.26150E+02  0.27794E-04 -0.76252E-03  0.10308E-03  0.25969E-02  0.54339E-04  0.29648E-03  0.00000E+00 -0.00000E+00
  0.26200E+02  0.25036E-04 -0.15029E-02  0.10196E-03  0.24930E-02  0.52164E-04 -0.22946E-03  0.00000E+00 -0.00000E+00
  0.26250E+02  0.22373E-04 -0.21507E-02  0.10083E-03  0.85400E-03  0.50034E-04 -0.13342E-02  0.00000E+00 -0.00000E+00
  0.26300E+02  0.19804E-04 -0.25370E-02  0.99685E-04 -0.37210E-03  0.47948E-04 -0.17990E-02  0.00000E+00 -0.00000E+00
  0.26350E+02  0.17329E-04 -0.28614E-02  0.98530E-04 -0.11470E-02  0.45905E-04 -0.17193E-02  0.00000E+00 -0.00000E+00
  0.26400E+02  0.14945E-04 -0.32653E-02  0.97363E-04 -0.15003E-03  0.43904E-04 -0.58963E-03  0.00000E+00 -0.00000E+00
  0.26450E+02  0.12650E-04 -0.35701E-02  0.96185E-04  0.60087E-03  0.41945E-04  0.11473E-02  0.00000E+00 -0.00000E+00
  0.26500E+02  0.10444E-04 -0.34150E-02  0.94996E-04  0.70753E-03  0.40027E-04  0.22244E-02  0.00000E+00 -0.00000E+00
  0.26550E+02  0.83257E-05 -0.31054E-02  0.93798E-04  0.38248E-03  0.38148E-04  0.17534E-02  0.00000E+00 -0.00000E+00
  0.26600E+02  0.62921E-05 -0.26342E-02  0.92589E-04  0.23481E-03  0.36309E-04  0.36284E-03  0.00000E+00 -0.00000E+00
  0.26650E+02  0.43432E-05 -0.24892E-02  0.91371E-04  0.18070E-03  0.34509E-04 -0.14826E-02  0.00000E+00 -0.00000E+00
  0.26700E+02  0.24754E-05 -0.24041E-02  0.90143E-04 -0.11147E-03  0.32745E-04 -0.25662E-02  0.00000E+00 -0.00000E+00
  0.26750E+02  0.68899E-06 -0.25593E-02  0.88908E-04 -0.10195E-03  0.31019E-04 -0.29625E-02  0.00000E+00 -0.00000E+00
  0.26800E+02 -0.10194E-05 -0.31273E-02  0.87664E-04  0.69402E-03  0.29328E-04 -0.23492E-02  0.00000E+00 -0.00000E+00
  0.26850E+02 -0.26502E-05 -0.37534E-02  0.86412E-04  0.14670E-02  0.27672E-04 -0.15360E-02  0.00000E+00 -0.00000E+00
  0.26900E+02 -0.42052E-05 -0.42085E-02  0.85152E-04  0.26509E-02  0.26051E-04 -0.81015E-03  0.00000E+00 -0.00000E+00
  0.26950E+02 -0.56869E-05 -0.38223E-02  0.83886E-04  0.35935E-02  0.24463E-04 -0.41274E-03  0.00000E+00 -0.00000E+00
  0.27000E+02 -0.70966E-05 -0.27831E-02  0.82614E-04  0.45812E-02  0.22907E-04 -0.58108E-03  0.00000E+00 -0.00000E+00
  0.27050E+02 -0.84352E-05 -0.15725E-02  0.81335E-04  0.47525E-02  0.21383E-04 -0.79077E-03  0.00000E+00 -0.00000E+00
  0.27100E+02 -0.97052E-05 -0.91755E-03  0.80051E-04  0.46140E-02  0.19890E-04 -0.15306E-02  0.00000E+00 -0.00000E+00
  0.27150E+02 -0.10908E-04 -0.13297E-02  0.78761E-04  0.34400E-02  0.18428E-04 -0.19366E-02  0.00000E+00 -0.00000E+00
  0.27200E+02 -0.12046E-04 -0.23635E-02  0.77467E-04  0.22983E-02  0.16994E-04 -0.19872E-02  0.00000E+00 -0.00000E+00
  0.27250E+02 -0.13120E-04 -0.33459E-02  0.76169E-04  0.53234E-03  0.15588E-04 -0.13367E-02  0.00000E+00 -0.00000E+00
  0.27300E+02 -0.14133E-04 -0.33654E-02  0.74866E-04 -0.66877E-03  0.14210E-04 -0.32954E-03  0.00000E+00 -0.00000E+00
  0.27350E+02 -0.15086E-04 -0.27866E-02  0.73561E-04 -0.11491E-02  0.12859E-04  0.29814E-03  0.00000E+00 -0.00000E+00
  0.27400E+02 -0.15979E-04 -0.21506E-02  0.72252E-04 -0.70420E-03  0.11534E-04  0.35751E-03  0.00000E+00 -0.00000E+00
  0.27450E+02 -0.16817E-04 -0.16240E-02  0.70940E-04  0.66283E-03  0.10234E-04 -0.42345E-03  0.00000E+00 -0.00000E+00
  0.27500E+02 -0.17599E-04 -0.11319E-02  0.69627E-04  0.14453E-02  0.89587E-05 -0.15289E-02  0.00000E+00 -0.00000E+00
  0.27550E+02 -0.18328E-04 -0.69597E-03  0.68311E-04  0.12332E-02  0.77067E-05 -0.23990E-02  0.00000E+00 -0.00000E+00
  0.27600E+02 -0.19004E-04 -0.53974E-03  0.66994E-04  0.31498E-03  0.64778E-05 -0.23226E-02  0.00000E+00 -0.00000E+00
  0.27650E+02 -0.19631E-04 -0.10683E-02  0.65676E-04 -0.52240E-03  0.52711E-05 -0.13829E-02  0.00000E+00 -0.00000E+00
  0.27700E+02 -0.20209E-04 -0.17240E-02  0.64357E-04 -0.12508E-02  0.40858E-05 -0.53107E-03  0.00000E+00 -0.00000E+00
  0.27750E+02 -0.20741E-04 -0.23160E-02  0.63038E-04 -0.74782E-03  0.29213E-05 -0.33406E-03  0.00000E+00 -0.00000E+00
  0.27800E+02 -0.21226E-04 -0.21210E-02  0.61719E-04  0.83761E-04  0.17769E-05 -0.87229E-03  0.00000E+00 -0.00000E+00
  0.27850E+02 -0.21669E-04 -0.13957E-02  0.60400E-04  0.18121E-02  0.65165E-06 -0.11700E-02  0.00000E+00 -0.00000E+00
  0.27900E+02 -0.22069E-04 -0.34978E-03  0.59082E-04  0.34959E-02 -0.45473E-06 -0.99085E-03  0.00000E+00 -0.00000E+00
  0.27950E+02 -0.22429E-04  0.24576E-03  0.57765E-04  0.39507E-02 -0.15433E-05 -0.58606E-03  0.00000E+00 -0.00000E+00
  0.28000E+02 -0.22749E-04 -0.14708E-03  0.56449E-04  0.43721E-02 -0.26142E-05 -0.24096E-03  0.00000E+00 -0.00000E+00
  0.28050E+02 -0.23032E-04 -0.11593E-02  0.55134E-04  0.45502E-02 -0.36681E-05  0.56481E-03  0.00000E+00 -0.00000E+00
  0.28100E+02 -0.23278E-04 -0.22006E-02  0.53821E-04  0.52799E-02 -0.47061E-05  0.14831E-02  0.00000E+00 -0.00000E+00
  0.28150E+02 -0.23490E-04 -0.26493E-02  0.52511E-04  0.48977E-02 -0.57285E-05  0.18662E-02  0.00000E+00 -0.00000E+00
  0.28200E+02 -0.23669E-04 -0.25926E-02  0.51202E-04  0.33016E-02 -0.67355E-05  0.17321E-02  0.00000E+00 -0.00000E+00
  0.28250E+02 -0.23816E-04 -0.22208E-02  0.49897E-04  0.12739E-02 -0.77283E-05  0.94494E-03  0.00000E+00 -0.00000E+00
  0.28300E+02 -0.23932E-04 -0.17287E-02  0.48594E-04  0.19994E-03 -0.87070E-05  0.73377E-03  0.00000E+00 -0.00000E+00
  0.28350E+02 -0.24019E-04 -0.13795E-02  0.47294E-04  0.50759E-03 -0.96722E-05  0.89880E-03  0.00000E+00 -0.00000E+00
  0.28400E+02 -0.24078E-04 -0.13566E-02  0.45997E-04  0.13014E-02 -0.10624E-04  0.99616E-03  0.00000E+00 -0.00000E+00
  0.28450E+02 -0.24110E-04 -0.15407E-02  0.44704E-04  0.17596E-02 -0.11564E-04  0.98471E-03  0.00000E+00 -0.00000E+00
  0.28500E+02 -0.24117E-04 -0.18472E-02  0.43414E-04  0.91103E-03 -0.12491E-04  0.30815E-03  0.00000E+00 -0.00000E+00
  0.28550E+02 -0.24101E-04 -0.19669E-02  0.42128E-04 -0.44898E-04 -0.13407E-04  0.67305E-03  0.00000E+00 -0.00000E+00
  0.28600E+02 -0.24061E-04 -0.17231E-02  0.40847E-04 -0.10742E-02 -0.14312E-04  0.11065E-02  0.00000E+00 -0.00000E+00
  0.28650E+02 -0.24000E-04 -0.12172E-02  0.39569E-04 -0.17414E-02 -0.15206E-04  0.20378E-02  0.00000E+00 -0.00000E+00
  0.28700E+02 -0.23919E-04 -0.38448E-03  0.38296E-04 -0.26122E-02 -0.16090E-04  0.23616E-02  0.00000E+00 -0.00000E+00
  0.28750E+02 -0.23818E-04  0.54563E-03  0.37027E-04 -0.30844E-02 -0.16963E-04  0.19661E-02  0.00000E+00 -0.00000E+00
  0.28800E+02 -0.23699E-04  0.14551E-02  0.35763E-04 -0.26373E-02 -0.17828E-04  0.12730E-02  0.00000E+00 -0.00000E+00
  0.28850E+02 -0.23563E-04  0.19833E-02  0.34504E-04 -0.21636E-02 -0.18682E-04  0.36883E-03  0.00000E+00 -0.00000E+00
  0.28900E+02 -0.23411E-04  0.21187E-02  0.33250E-04 -0.11625E-02 -0.19528E-04 -0.12410E-03  0.00000E+00 -0.00000E+00
  0.28950E+02 -0.23244E-04  0.19086E-02  0.32000E-04 -0.10013E-02 -0.20365E-04 -0.39780E-03  0.00000E+00 -0.00000E+00
  0.29000E+02 -0.23063E-04  0.18933E-02  0.30757E-04 -0.10739E-02 -0.21194E-04 -0.28494E-03  0.00000E+00 -0.00000E+00
  0.29050E+02 -0.22870E-04  0.20951E-02  0.29518E-04 -0.98834E-03 -0.22015E-04 -0.10811E-03  0.00000E+00 -0.00000E+00
  0.29100E+02 -0.22664E-04  0.23944E-02  0.28285E-04 -0.41041E-03 -0.22828E-04  0.32524E-03  0.00000E+00 -0.00000E+00
  0.29150E+02 -0.22446E-04  0.23852E-02  0.27058E-04  0.63140E-04 -0.23634E-04  0.70166E-03  0.00000E+00 -0.00000E+00
  0.29200E+02 -0.22219E-04  0.20290E-02  0.25836E-04  0.61084E-03 -0.24432E-04  0.53280E-03  0.00000E+00 -0.00000E+00
  0.29250E+02 -0.21982E-04  0.17183E-02  0.24620E-04  0.11563E-02 -0.25224E-04  0.33740E-03  0.00000E+00 -0.00000E+00
  0.29300E+02 -0.21736E-04  0.17567E-02  0.23410E-04  0.49592E-03 -0.26008E-04 -0.13000E-03  0.00000E+00 -0.00000E+00
  0.29350E+02 -0.21483E-04  0.22555E-02  0.22206E-04  0.43294E-03 -0.26786E-04 -0.33960E-03  0.00000E+00 -0.00000E+00
  0.29400E+02 -0.21223E-04  0.27256E-02  0.21009E-04  0.34350E-03 -0.27558E-04  0.30063E-03  0.00000E+00 -0.00000E+00
  0.29450E+02 -0.20956E-04  0.31767E-02  0.19817E-04  0.11160E-02 -0.28324E-04  0.42862E-03  0.00000E+00 -0.00000E+00
  0.29500E+02 -0.20684E-04  0.33403E-02  0.18632E-04  0.24373E-02 -0.29084E-04  0.10412E-02  0.00000E+00 -0.00000E+00
  0.29550E+02 -0.20407E-04  0.34048E-02  0.17454E-04  0.26467E-02 -0.29838E-04  0.12857E-02  0.00000E+00 -0.00000E+00
  0.29600E+02 -0.20126E-04  0.31618E-02  0.16282E-04  0.18350E-02 -0.30587E-04  0.11821E-02  0.00000E+00 -0.00000E+00
  0.29650E+02 -0.19842E-04  0.28063E-02  0.15116E-04  0.99734E-03 -0.31330E-04  0.10874E-02  0.00000E+00 -0.00000E+00
  0.29700E+02 -0.19554E-04  0.23260E-02  0.13958E-04  0.51342E-03 -0.32068E-04  0.84338E-03  0.00000E+00 -0.00000E+00
  0.29750E+02 -0.19264E-04  0.18812E-02  0.12806E-04  0.73667E-03 -0.32801E-04  0.35001E-03  0.00000E+00 -0.00000E+00
  0.29800E+02 -0.18972E-04  0.16578E-02  0.11661E-04  0.29257E-03 -0.33529E-04  0.27282E-04  0.00000E+00 -0.00000E+00
  0.29850E+02 -0.18679E-04  0.15055E-02  0.10523E-04 -0.73332E-03 -0.34253E-04 -0.10636E-02  0.00000E+00 -0.00000E+00
  0.29900E+02 -0.18385E-04  0.16925E-02  0.93927E-05 -0.13724E-02 -0.34971E-04 -0.18156E-02  0.00000E+00 -0.00000E+00
  0.29950E+02  0.00000E+00 -0.00000E+00  0.00000E+00 -0.00000E+00  0.00000E+00 -0.00000E+00  0.00000E+00 -0.00000E+00
