  0.000000E+00  0.799971E+01  0.999978E+00  0.599720E+01  0.799971E+01  0.699636E+01  0.999978E+00  0.799971E+01  0.999978E+00  0.109936E+02
  0.500000E-01  0.799840E+01  0.999628E+00  0.599557E+01  0.799840E+01  0.699493E+01  0.999628E+00  0.799840E+01  0.999628E+00  0.109906E+02
  0.100000E+00  0.799447E+01  0.998581E+00  0.599068E+01  0.799447E+01  0.699062E+01  0.998581E+00  0.799447E+01  0.998581E+00  0.109816E+02
  0.150000E+00  0.798794E+01  0.996839E+00  0.598255E+01  0.798794E+01  0.698346E+01  0.996839E+00  0.798794E+01  0.996839E+00  0.109668E+02
  0.200000E+00  0.797882E+01  0.994407E+00  0.597120E+01  0.797882E+01  0.697346E+01  0.994407E+00  0.797882E+01  0.994407E+00  0.109462E+02
  0.250000E+00  0.796711E+01  0.991294E+00  0.595667E+01  0.796711E+01  0.696063E+01  0.991294E+00  0.796711E+01  0.991294E+00  0.109201E+02
  0.300000E+00  0.795284E+01  0.987508E+00  0.593899E+01  0.795284E+01  0.694501E+01  0.987508E+00  0.795284E+01  0.987508E+00  0.108886E+02
  0.350000E+00  0.793605E+01  0.983062E+00  0.591823E+01  0.793605E+01  0.692663E+01  0.983062E+00  0.793605E+01  0.983062E+00  0.108522E+02
  0.400000E+00  0.791674E+01  0.977969E+00  0.589443E+01  0.791674E+01  0.690552E+01  0.977969E+00  0.791674E+01  0.977969E+00  0.108110E+02
  0.450000E+00  0.789497E+01  0.972244E+00  0.586768E+01  0.789497E+01  0.688174E+01  0.972244E+00  0.789497E+01  0.972244E+00  0.107656E+02
  0.500000E+00  0.787077E+01  0.965904E+00  0.583804E+01  0.787077E+01  0.685533E+01  0.965904E+00  0.787077E+01  0.965904E+00  0.107162E+02
  0.550000E+00  0.784418E+01  0.958968E+00  0.580559E+01  0.784418E+01  0.682635E+01  0.958968E+00  0.784418E+01  0.958968E+00  0.106632E+02
  0.600000E+00  0.781524E+01  0.951457E+00  0.577044E+01  0.781524E+01  0.679486E+01  0.951457E+00  0.781524E+01  0.951457E+00  0.106072E+02
  0.650000E+00  0.778401E+01  0.943391E+00  0.573268E+01  0.778401E+01  0.676091E+01  0.943391E+00  0.778401E+01  0.943391E+00  0.105485E+02
  0.700000E+00  0.775054E+01  0.934794E+00  0.569241E+01  0.775054E+01  0.672459E+01  0.934794E+00  0.775054E+01  0.934794E+00  0.104874E+02
  0.750000E+00  0.771489E+01  0.925690E+00  0.564974E+01  0.771489E+01  0.668596E+01  0.925690E+00  0.771489E+01  0.925690E+00  0.104245E+02
  0.800000E+00  0.767711E+01  0.916104E+00  0.560479E+01  0.767711E+01  0.664511E+01  0.916104E+00  0.767711E+01  0.916104E+00  0.103601E+02
  0.850000E+00  0.763727E+01  0.906060E+00  0.555767E+01  0.763727E+01  0.660210E+01  0.906060E+00  0.763727E+01  0.906060E+00  0.102946E+02
  0.900000E+00  0.759543E+01  0.895587E+00  0.550851E+01  0.759543E+01  0.655703E+01  0.895587E+00  0.759543E+01  0.895587E+00  0.102284E+02
  0.950000E+00  0.755166E+01  0.884711E+00  0.545743E+01  0.755166E+01  0.650998E+01  0.884711E+00  0.755166E+01  0.884711E+00  0.101617E+02
  0.100000E+01  0.750603E+01  0.873459E+00  0.540455E+01  0.750603E+01  0.646105E+01  0.873459E+00  0.750603E+01  0.873459E+00  0.100948E+02
  0.105000E+01  0.745861E+01  0.861859E+00  0.535001E+01  0.745861E+01  0.641031E+01  0.861859E+00  0.745861E+01  0.861859E+00  0.100281E+02
  0.110000E+01  0.740947E+01  0.849940E+00  0.529395E+01  0.740947E+01  0.635788E+01  0.849940E+00  0.740947E+01  0.849940E+00  0.996167E+01
  0.115000E+01  0.735868E+01  0.837728E+00  0.523647E+01  0.735868E+01  0.630383E+01  0.837728E+00  0.735868E+01  0.837728E+00  0.989576E+01
  0.120000E+01  0.730633E+01  0.825252E+00  0.517773E+01  0.730633E+01  0.624827E+01  0.825252E+00  0.730633E+01  0.825252E+00  0.983050E+01
  0.125000E+01  0.725249E+01  0.812539E+00  0.511785E+01  0.725249E+01  0.619130E+01  0.812539E+00  0.725249E+01  0.812539E+00  0.976602E+01
  0.130000E+01  0.719723E+01  0.799616E+00  0.505696E+01  0.719723E+01  0.613301E+01  0.799616E+00  0.719723E+01  0.799616E+00  0.970241E+01
  0.135000E+01  0.714064E+01  0.786510E+00  0.499519E+01  0.714064E+01  0.607350E+01  0.786510E+00  0.714064E+01  0.786510E+00  0.963972E+01
  0.140000E+01  0.708279E+01  0.773248E+00  0.493265E+01  0.708279E+01  0.601287E+01  0.773248E+00  0.708279E+01  0.773248E+00  0.957797E+01
  0.145000E+01  0.702375E+01  0.759854E+00  0.486949E+01  0.702375E+01  0.595122E+01  0.759854E+00  0.702375E+01  0.759854E+00  0.951718E+01
  0.150000E+01  0.696362E+01  0.746353E+00  0.480581E+01  0.696362E+01  0.588863E+01  0.746353E+00  0.696362E+01  0.746353E+00  0.945733E+01
  0.155000E+01  0.690246E+01  0.732770E+00  0.474173E+01  0.690246E+01  0.582522E+01  0.732770E+00  0.690246E+01  0.732770E+00  0.939838E+01
  0.160000E+01  0.684035E+01  0.719127E+00  0.467737E+01  0.684035E+01  0.576108E+01  0.719127E+00  0.684035E+01  0.719127E+00  0.934028E+01
  0.165000E+01  0.677737E+01  0.705447E+00  0.461283E+01  0.677737E+01  0.569628E+01  0.705447E+00  0.677737E+01  0.705447E+00  0.928297E+01
  0.170000E+01  0.671359E+01  0.691752E+00  0.454823E+01  0.671359E+01  0.563094E+01  0.691752E+00  0.671359E+01  0.691752E+00  0.922638E+01
  0.175000E+01  0.664909E+01  0.678061E+00  0.448365E+01  0.664909E+01  0.556514E+01  0.678061E+00  0.664909E+01  0.678061E+00  0.917042E+01
  0.180000E+01  0.658394E+01  0.664394E+00  0.441920E+01  0.658394E+01  0.549897E+01  0.664394E+00  0.658394E+01  0.664394E+00  0.911501E+01
  0.185000E+01  0.651821E+01  0.650769E+00  0.435497E+01  0.651821E+01  0.543250E+01  0.650769E+00  0.651821E+01  0.650769E+00  0.906007E+01
  0.190000E+01  0.645198E+01  0.637203E+00  0.429104E+01  0.645198E+01  0.536584E+01  0.637203E+00  0.645198E+01  0.637203E+00  0.900551E+01
  0.195000E+01  0.638531E+01  0.623713E+00  0.422749E+01  0.638531E+01  0.529904E+01  0.623713E+00  0.638531E+01  0.623713E+00  0.895124E+01
  0.200000E+01  0.631826E+01  0.610314E+00  0.416441E+01  0.631826E+01  0.523220E+01  0.610314E+00  0.631826E+01  0.610314E+00  0.889719E+01
  0.205000E+01  0.625091E+01  0.597020E+00  0.410185E+01  0.625091E+01  0.516539E+01  0.597020E+00  0.625091E+01  0.597020E+00  0.884329E+01
  0.210000E+01  0.618331E+01  0.583844E+00  0.403988E+01  0.618331E+01  0.509867E+01  0.583844E+00  0.618331E+01  0.583844E+00  0.878945E+01
  0.215000E+01  0.611554E+01  0.570798E+00  0.397857E+01  0.611554E+01  0.503212E+01  0.570798E+00  0.611554E+01  0.570798E+00  0.873561E+01
  0.220000E+01  0.604764E+01  0.557894E+00  0.391797E+01  0.604764E+01  0.496580E+01  0.557894E+00  0.604764E+01  0.557894E+00  0.868173E+01
  0.225000E+01  0.597967E+01  0.545141E+00  0.385812E+01  0.597967E+01  0.489977E+01  0.545141E+00  0.597967E+01  0.545141E+00  0.862773E+01
  0.230000E+01  0.591169E+01  0.532549E+00  0.379909E+01  0.591169E+01  0.483410E+01  0.532549E+00  0.591169E+01  0.532549E+00  0.857359E+01
  0.235000E+01  0.584376E+01  0.520126E+00  0.374089E+01  0.584376E+01  0.476883E+01  0.520126E+00  0.584376E+01  0.520126E+00  0.851925E+01
  0.240000E+01  0.577592E+01  0.507880E+00  0.368358E+01  0.577592E+01  0.470402E+01  0.507880E+00  0.577592E+01  0.507880E+00  0.846470E+01
  0.245000E+01  0.570823E+01  0.495818E+00  0.362718E+01  0.570823E+01  0.463972E+01  0.495818E+00  0.570823E+01  0.495818E+00  0.840989E+01
  0.250000E+01  0.564072E+01  0.483945E+00  0.357173E+01  0.564072E+01  0.457598E+01  0.483945E+00  0.564072E+01  0.483945E+00  0.835482E+01
  0.255000E+01  0.557345E+01  0.472266E+00  0.351723E+01  0.557345E+01  0.451283E+01  0.472266E+00  0.557345E+01  0.472266E+00  0.829947E+01
  0.260000E+01  0.550645E+01  0.460785E+00  0.346372E+01  0.550645E+01  0.445031E+01  0.460785E+00  0.550645E+01  0.460785E+00  0.824383E+01
  0.265000E+01  0.543977E+01  0.449508E+00  0.341121E+01  0.543977E+01  0.438847E+01  0.449508E+00  0.543977E+01  0.449508E+00  0.818789E+01
  0.270000E+01  0.537345E+01  0.438436E+00  0.335971E+01  0.537345E+01  0.432732E+01  0.438436E+00  0.537345E+01  0.438436E+00  0.813166E+01
  0.275000E+01  0.530751E+01  0.427572E+00  0.330923E+01  0.530751E+01  0.426692E+01  0.427572E+00  0.530751E+01  0.427572E+00  0.807514E+01
  0.280000E+01  0.524200E+01  0.416918E+00  0.325978E+01  0.524200E+01  0.420727E+01  0.416918E+00  0.524200E+01  0.416918E+00  0.801833E+01
  0.285000E+01  0.517695E+01  0.406475E+00  0.321136E+01  0.517695E+01  0.414840E+01  0.406475E+00  0.517695E+01  0.406475E+00  0.796124E+01
  0.290000E+01  0.511239E+01  0.396245E+00  0.316398E+01  0.511239E+01  0.409034E+01  0.396245E+00  0.511239E+01  0.396245E+00  0.790388E+01
  0.295000E+01  0.504834E+01  0.386228E+00  0.311763E+01  0.504834E+01  0.403311E+01  0.386228E+00  0.504834E+01  0.386228E+00  0.784628E+01
  0.300000E+01  0.498483E+01  0.376423E+00  0.307230E+01  0.498483E+01  0.397672E+01  0.376423E+00  0.498483E+01  0.376423E+00  0.778844E+01
  0.305000E+01  0.492189E+01  0.366830E+00  0.302800E+01  0.492189E+01  0.392118E+01  0.366830E+00  0.492189E+01  0.366830E+00  0.773038E+01
  0.310000E+01  0.485954E+01  0.357449E+00  0.298472E+01  0.485954E+01  0.386651E+01  0.357449E+00  0.485954E+01  0.357449E+00  0.767211E+01
  0.315000E+01  0.479780E+01  0.348278E+00  0.294244E+01  0.479780E+01  0.381272E+01  0.348278E+00  0.479780E+01  0.348278E+00  0.761366E+01
  0.320000E+01  0.473669E+01  0.339317E+00  0.290116E+01  0.473669E+01  0.375981E+01  0.339317E+00  0.473669E+01  0.339317E+00  0.755505E+01
  0.325000E+01  0.467623E+01  0.330563E+00  0.286087E+01  0.467623E+01  0.370779E+01  0.330563E+00  0.467623E+01  0.330563E+00  0.749630E+01
  0.330000E+01  0.461643E+01  0.322014E+00  0.282156E+01  0.461643E+01  0.365666E+01  0.322014E+00  0.461643E+01  0.322014E+00  0.743742E+01
  0.335000E+01  0.455731E+01  0.313668E+00  0.278321E+01  0.455731E+01  0.360643E+01  0.313668E+00  0.455731E+01  0.313668E+00  0.737845E+01
  0.340000E+01  0.449889E+01  0.305524E+00  0.274580E+01  0.449889E+01  0.355709E+01  0.305524E+00  0.449889E+01  0.305524E+00  0.731939E+01
  0.345000E+01  0.444118E+01  0.297578E+00  0.270934E+01  0.444118E+01  0.350865E+01  0.297578E+00  0.444118E+01  0.297578E+00  0.726026E+01
  0.350000E+01  0.438418E+01  0.289827E+00  0.267379E+01  0.438418E+01  0.346110E+01  0.289827E+00  0.438418E+01  0.289827E+00  0.720110E+01
  0.355000E+01  0.432791E+01  0.282270E+00  0.263914E+01  0.432791E+01  0.341444E+01  0.282270E+00  0.432791E+01  0.282270E+00  0.714192E+01
  0.360000E+01  0.427237E+01  0.274902E+00  0.260538E+01  0.427237E+01  0.336867E+01  0.274902E+00  0.427237E+01  0.274902E+00  0.708274E+01
  0.365000E+01  0.421758E+01  0.267721E+00  0.257249E+01  0.421758E+01  0.332378E+01  0.267721E+00  0.421758E+01  0.267721E+00  0.702358E+01
  0.370000E+01  0.416354E+01  0.260723E+00  0.254046E+01  0.416354E+01  0.327976E+01  0.260723E+00  0.416354E+01  0.260723E+00  0.696447E+01
  0.375000E+01  0.411026E+01  0.253906E+00  0.250927E+01  0.411026E+01  0.323660E+01  0.253906E+00  0.411026E+01  0.253906E+00  0.690541E+01
  0.380000E+01  0.405774E+01  0.247265E+00  0.247890E+01  0.405774E+01  0.319430E+01  0.247265E+00  0.405774E+01  0.247265E+00  0.684643E+01
  0.385000E+01  0.400598E+01  0.240799E+00  0.244933E+01  0.400598E+01  0.315286E+01  0.240799E+00  0.400598E+01  0.240799E+00  0.678754E+01
  0.390000E+01  0.395499E+01  0.234502E+00  0.242056E+01  0.395499E+01  0.311225E+01  0.234502E+00  0.395499E+01  0.234502E+00  0.672877E+01
  0.395000E+01  0.390476E+01  0.228372E+00  0.239255E+01  0.390476E+01  0.307247E+01  0.228372E+00  0.390476E+01  0.228372E+00  0.667014E+01
  0.400000E+01  0.385531E+01  0.222405E+00  0.236530E+01  0.385531E+01  0.303351E+01  0.222405E+00  0.385531E+01  0.222405E+00  0.661165E+01
  0.405000E+01  0.380663E+01  0.216597E+00  0.233879E+01  0.380663E+01  0.299535E+01  0.216597E+00  0.380663E+01  0.216597E+00  0.655333E+01
  0.410000E+01  0.375872E+01  0.210946E+00  0.231301E+01  0.375872E+01  0.295800E+01  0.210946E+00  0.375872E+01  0.210946E+00  0.649520E+01
  0.415000E+01  0.371158E+01  0.205447E+00  0.228793E+01  0.371158E+01  0.292143E+01  0.205447E+00  0.371158E+01  0.205447E+00  0.643726E+01
  0.420000E+01  0.366520E+01  0.200097E+00  0.226355E+01  0.366520E+01  0.288564E+01  0.200097E+00  0.366520E+01  0.200097E+00  0.637954E+01
  0.425000E+01  0.361959E+01  0.194893E+00  0.223984E+01  0.361959E+01  0.285061E+01  0.194893E+00  0.361959E+01  0.194893E+00  0.632204E+01
  0.430000E+01  0.357475E+01  0.189831E+00  0.221678E+01  0.357475E+01  0.281633E+01  0.189831E+00  0.357475E+01  0.189831E+00  0.626479E+01
  0.435000E+01  0.353066E+01  0.184908E+00  0.219438E+01  0.353066E+01  0.278279E+01  0.184908E+00  0.353066E+01  0.184908E+00  0.620780E+01
  0.440000E+01  0.348733E+01  0.180120E+00  0.217260E+01  0.348733E+01  0.274998E+01  0.180120E+00  0.348733E+01  0.180120E+00  0.615107E+01
  0.445000E+01  0.344475E+01  0.175464E+00  0.215144E+01  0.344475E+01  0.271788E+01  0.175464E+00  0.344475E+01  0.175464E+00  0.609463E+01
  0.450000E+01  0.340292E+01  0.170937E+00  0.213088E+01  0.340292E+01  0.268649E+01  0.170937E+00  0.340292E+01  0.170937E+00  0.603848E+01
  0.455000E+01  0.336183E+01  0.166535E+00  0.211091E+01  0.336183E+01  0.265579E+01  0.166535E+00  0.336183E+01  0.166535E+00  0.598264E+01
  0.460000E+01  0.332148E+01  0.162255E+00  0.209151E+01  0.332148E+01  0.262578E+01  0.162255E+00  0.332148E+01  0.162255E+00  0.592712E+01
  0.465000E+01  0.328185E+01  0.158094E+00  0.207266E+01  0.328185E+01  0.259643E+01  0.158094E+00  0.328185E+01  0.158094E+00  0.587193E+01
  0.470000E+01  0.324295E+01  0.154049E+00  0.205435E+01  0.324295E+01  0.256773E+01  0.154049E+00  0.324295E+01  0.154049E+00  0.581707E+01
  0.475000E+01  0.320477E+01  0.150116E+00  0.203658E+01  0.320477E+01  0.253969E+01  0.150116E+00  0.320477E+01  0.150116E+00  0.576257E+01
  0.480000E+01  0.316730E+01  0.146293E+00  0.201932E+01  0.316730E+01  0.251227E+01  0.146293E+00  0.316730E+01  0.146293E+00  0.570842E+01
  0.485000E+01  0.313053E+01  0.142577E+00  0.200256E+01  0.313053E+01  0.248548E+01  0.142577E+00  0.313053E+01  0.142577E+00  0.565464E+01
  0.490000E+01  0.309446E+01  0.138965E+00  0.198629E+01  0.309446E+01  0.245930E+01  0.138965E+00  0.309446E+01  0.138965E+00  0.560124E+01
  0.495000E+01  0.305907E+01  0.135454E+00  0.197050E+01  0.305907E+01  0.243372E+01  0.135454E+00  0.305907E+01  0.135454E+00  0.554822E+01
  0.500000E+01  0.302436E+01  0.132040E+00  0.195517E+01  0.302436E+01  0.240873E+01  0.132040E+00  0.302436E+01  0.132040E+00  0.549559E+01
  0.505000E+01  0.299033E+01  0.128723E+00  0.194029E+01  0.299033E+01  0.238432E+01  0.128723E+00  0.299033E+01  0.128723E+00  0.544336E+01
  0.510000E+01  0.295696E+01  0.125497E+00  0.192584E+01  0.295696E+01  0.236048E+01  0.125497E+00  0.295696E+01  0.125497E+00  0.539154E+01
  0.515000E+01  0.292424E+01  0.122363E+00  0.191182E+01  0.292424E+01  0.233719E+01  0.122363E+00  0.292424E+01  0.122363E+00  0.534012E+01
  0.520000E+01  0.289217E+01  0.119315E+00  0.189822E+01  0.289217E+01  0.231445E+01  0.119315E+00  0.289217E+01  0.119315E+00  0.528913E+01
  0.525000E+01  0.286073E+01  0.116353E+00  0.188501E+01  0.286073E+01  0.229224E+01  0.116353E+00  0.286073E+01  0.116353E+00  0.523856E+01
  0.530000E+01  0.282993E+01  0.113473E+00  0.187219E+01  0.282993E+01  0.227056E+01  0.113473E+00  0.282993E+01  0.113473E+00  0.518841E+01
  0.535000E+01  0.279974E+01  0.110674E+00  0.185975E+01  0.279974E+01  0.224940E+01  0.110674E+00  0.279974E+01  0.110674E+00  0.513870E+01
  0.540000E+01  0.277016E+01  0.107952E+00  0.184767E+01  0.277016E+01  0.222874E+01  0.107952E+00  0.277016E+01  0.107952E+00  0.508942E+01
  0.545000E+01  0.274118E+01  0.105306E+00  0.183594E+01  0.274118E+01  0.220858E+01  0.105306E+00  0.274118E+01  0.105306E+00  0.504058E+01
  0.550000E+01  0.271279E+01  0.102734E+00  0.182456E+01  0.271279E+01  0.218890E+01  0.102734E+00  0.271279E+01  0.102734E+00  0.499219E+01
  0.555000E+01  0.268499E+01  0.100233E+00  0.181350E+01  0.268499E+01  0.216970E+01  0.100233E+00  0.268499E+01  0.100233E+00  0.494425E+01
  0.560000E+01  0.265775E+01  0.978014E-01  0.180277E+01  0.265775E+01  0.215096E+01  0.978014E-01  0.265775E+01  0.978014E-01  0.489675E+01
  0.565000E+01  0.263108E+01  0.954369E-01  0.179234E+01  0.263108E+01  0.213269E+01  0.954369E-01  0.263108E+01  0.954369E-01  0.484971E+01
  0.570000E+01  0.260496E+01  0.931375E-01  0.178221E+01  0.260496E+01  0.211485E+01  0.931375E-01  0.260496E+01  0.931375E-01  0.480312E+01
  0.575000E+01  0.257938E+01  0.909014E-01  0.177237E+01  0.257938E+01  0.209746E+01  0.909014E-01  0.257938E+01  0.909014E-01  0.475699E+01
  0.580000E+01  0.255434E+01  0.887268E-01  0.176281E+01  0.255434E+01  0.208050E+01  0.887268E-01  0.255434E+01  0.887268E-01  0.471132E+01
  0.585000E+01  0.252982E+01  0.866117E-01  0.175351E+01  0.252982E+01  0.206396E+01  0.866117E-01  0.252982E+01  0.866117E-01  0.466611E+01
  0.590000E+01  0.250581E+01  0.845545E-01  0.174447E+01  0.250581E+01  0.204782E+01  0.845545E-01  0.250581E+01  0.845545E-01  0.462135E+01
  0.595000E+01  0.248231E+01  0.825533E-01  0.173568E+01  0.248231E+01  0.203209E+01  0.825533E-01  0.248231E+01  0.825533E-01  0.457706E+01
  0.600000E+01  0.245931E+01  0.806065E-01  0.172713E+01  0.245931E+01  0.201676E+01  0.806065E-01  0.245931E+01  0.806065E-01  0.453323E+01
  0.605000E+01  0.243679E+01  0.787125E-01  0.171881E+01  0.243679E+01  0.200180E+01  0.787125E-01  0.243679E+01  0.787125E-01  0.448987E+01
  0.610000E+01  0.241474E+01  0.768698E-01  0.171071E+01  0.241474E+01  0.198723E+01  0.768698E-01  0.241474E+01  0.768698E-01  0.444696E+01
  0.615000E+01  0.239317E+01  0.750767E-01  0.170281E+01  0.239317E+01  0.197301E+01  0.750767E-01  0.239317E+01  0.750767E-01  0.440452E+01
  0.620000E+01  0.237205E+01  0.733317E-01  0.169512E+01  0.237205E+01  0.195916E+01  0.733317E-01  0.237205E+01  0.733317E-01  0.436254E+01
  0.625000E+01  0.235138E+01  0.716335E-01  0.168763E+01  0.235138E+01  0.194566E+01  0.716335E-01  0.235138E+01  0.716335E-01  0.432102E+01
  0.630000E+01  0.233115E+01  0.699807E-01  0.168032E+01  0.233115E+01  0.193250E+01  0.699807E-01  0.233115E+01  0.699807E-01  0.427995E+01
  0.635000E+01  0.231135E+01  0.683718E-01  0.167319E+01  0.231135E+01  0.191967E+01  0.683718E-01  0.231135E+01  0.683718E-01  0.423935E+01
  0.640000E+01  0.229198E+01  0.668056E-01  0.166623E+01  0.229198E+01  0.190716E+01  0.668056E-01  0.229198E+01  0.668056E-01  0.419920E+01
  0.645000E+01  0.227302E+01  0.652808E-01  0.165943E+01  0.227302E+01  0.189498E+01  0.652808E-01  0.227302E+01  0.652808E-01  0.415951E+01
  0.650000E+01  0.225446E+01  0.637961E-01  0.165279E+01  0.225446E+01  0.188310E+01  0.637961E-01  0.225446E+01  0.637961E-01  0.412028E+01
  0.655000E+01  0.223629E+01  0.623503E-01  0.164629E+01  0.223629E+01  0.187152E+01  0.623503E-01  0.223629E+01  0.623503E-01  0.408149E+01
  0.660000E+01  0.221852E+01  0.609424E-01  0.163994E+01  0.221852E+01  0.186024E+01  0.609424E-01  0.221852E+01  0.609424E-01  0.404316E+01
  0.665000E+01  0.220112E+01  0.595710E-01  0.163372E+01  0.220112E+01  0.184924E+01  0.595710E-01  0.220112E+01  0.595710E-01  0.400528E+01
  0.670000E+01  0.218410E+01  0.582353E-01  0.162763E+01  0.218410E+01  0.183851E+01  0.582353E-01  0.218410E+01  0.582353E-01  0.396784E+01
  0.675000E+01  0.216743E+01  0.569341E-01  0.162166E+01  0.216743E+01  0.182806E+01  0.569341E-01  0.216743E+01  0.569341E-01  0.393084E+01
  0.680000E+01  0.215112E+01  0.556663E-01  0.161581E+01  0.215112E+01  0.181787E+01  0.556663E-01  0.215112E+01  0.556663E-01  0.389429E+01
  0.685000E+01  0.213516E+01  0.544311E-01  0.161007E+01  0.213516E+01  0.180793E+01  0.544311E-01  0.213516E+01  0.544311E-01  0.385817E+01
  0.690000E+01  0.211954E+01  0.532274E-01  0.160443E+01  0.211954E+01  0.179824E+01  0.532274E-01  0.211954E+01  0.532274E-01  0.382250E+01
  0.695000E+01  0.210425E+01  0.520544E-01  0.159889E+01  0.210425E+01  0.178880E+01  0.520544E-01  0.210425E+01  0.520544E-01  0.378725E+01
  0.700000E+01  0.208928E+01  0.509111E-01  0.159344E+01  0.208928E+01  0.177958E+01  0.509111E-01  0.208928E+01  0.509111E-01  0.375243E+01
  0.705000E+01  0.207463E+01  0.497966E-01  0.158808E+01  0.207463E+01  0.177059E+01  0.497966E-01  0.207463E+01  0.497966E-01  0.371805E+01
  0.710000E+01  0.206029E+01  0.487102E-01  0.158281E+01  0.206029E+01  0.176182E+01  0.487102E-01  0.206029E+01  0.487102E-01  0.368408E+01
  0.715000E+01  0.204625E+01  0.476510E-01  0.157762E+01  0.204625E+01  0.175327E+01  0.476510E-01  0.204625E+01  0.476510E-01  0.365054E+01
  0.720000E+01  0.203251E+01  0.466183E-01  0.157250E+01  0.203251E+01  0.174491E+01  0.466183E-01  0.203251E+01  0.466183E-01  0.361741E+01
  0.725000E+01  0.201905E+01  0.456113E-01  0.156745E+01  0.201905E+01  0.173676E+01  0.456113E-01  0.201905E+01  0.456113E-01  0.358470E+01
  0.730000E+01  0.200588E+01  0.446292E-01  0.156246E+01  0.200588E+01  0.172880E+01  0.446292E-01  0.200588E+01  0.446292E-01  0.355240E+01
  0.735000E+01  0.199298E+01  0.436713E-01  0.155754E+01  0.199298E+01  0.172103E+01  0.436713E-01  0.199298E+01  0.436713E-01  0.352051E+01
  0.740000E+01  0.198035E+01  0.427371E-01  0.155268E+01  0.198035E+01  0.171344E+01  0.427371E-01  0.198035E+01  0.427371E-01  0.348902E+01
  0.745000E+01  0.196799E+01  0.418257E-01  0.154787E+01  0.196799E+01  0.170602E+01  0.418257E-01  0.196799E+01  0.418257E-01  0.345794E+01
  0.750000E+01  0.195588E+01  0.409366E-01  0.154311E+01  0.195588E+01  0.169878E+01  0.409366E-01  0.195588E+01  0.409366E-01  0.342725E+01
  0.755000E+01  0.194402E+01  0.400692E-01  0.153841E+01  0.194402E+01  0.169169E+01  0.400692E-01  0.194402E+01  0.400692E-01  0.339695E+01
  0.760000E+01  0.193241E+01  0.392229E-01  0.153374E+01  0.193241E+01  0.168476E+01  0.392229E-01  0.193241E+01  0.392229E-01  0.336705E+01
  0.765000E+01  0.192103E+01  0.383970E-01  0.152912E+01  0.192103E+01  0.167799E+01  0.383970E-01  0.192103E+01  0.383970E-01  0.333753E+01
  0.770000E+01  0.190989E+01  0.375911E-01  0.152454E+01  0.190989E+01  0.167135E+01  0.375911E-01  0.190989E+01  0.375911E-01  0.330840E+01
  0.775000E+01  0.189897E+01  0.368046E-01  0.151999E+01  0.189897E+01  0.166486E+01  0.368046E-01  0.189897E+01  0.368046E-01  0.327964E+01
  0.780000E+01  0.188828E+01  0.360369E-01  0.151548E+01  0.188828E+01  0.165851E+01  0.360369E-01  0.188828E+01  0.360369E-01  0.325126E+01
  0.785000E+01  0.187780E+01  0.352876E-01  0.151100E+01  0.187780E+01  0.165229E+01  0.352876E-01  0.187780E+01  0.352876E-01  0.322326E+01
  0.790000E+01  0.186754E+01  0.345563E-01  0.150655E+01  0.186754E+01  0.164619E+01  0.345563E-01  0.186754E+01  0.345563E-01  0.319562E+01
  0.795000E+01  0.185748E+01  0.338423E-01  0.150213E+01  0.185748E+01  0.164021E+01  0.338423E-01  0.185748E+01  0.338423E-01  0.316834E+01
  0.800000E+01  0.184762E+01  0.331453E-01  0.149773E+01  0.184762E+01  0.163435E+01  0.331453E-01  0.184762E+01  0.331453E-01  0.314143E+01
  0.805000E+01  0.183796E+01  0.324648E-01  0.149335E+01  0.183796E+01  0.162860E+01  0.324648E-01  0.183796E+01  0.324648E-01  0.311488E+01
  0.810000E+01  0.182849E+01  0.318004E-01  0.148900E+01  0.182849E+01  0.162295E+01  0.318004E-01  0.182849E+01  0.318004E-01  0.308867E+01
  0.815000E+01  0.181921E+01  0.311517E-01  0.148466E+01  0.181921E+01  0.161741E+01  0.311517E-01  0.181921E+01  0.311517E-01  0.306282E+01
  0.820000E+01  0.181010E+01  0.305183E-01  0.148034E+01  0.181010E+01  0.161197E+01  0.305183E-01  0.181010E+01  0.305183E-01  0.303732E+01
  0.825000E+01  0.180118E+01  0.298998E-01  0.147604E+01  0.180118E+01  0.160662E+01  0.298998E-01  0.180118E+01  0.298998E-01  0.301216E+01
  0.830000E+01  0.179243E+01  0.292957E-01  0.147176E+01  0.179243E+01  0.160137E+01  0.292957E-01  0.179243E+01  0.292957E-01  0.298733E+01
  0.835000E+01  0.178385E+01  0.287059E-01  0.146748E+01  0.178385E+01  0.159620E+01  0.287059E-01  0.178385E+01  0.287059E-01  0.296285E+01
  0.840000E+01  0.177544E+01  0.281298E-01  0.146322E+01  0.177544E+01  0.159111E+01  0.281298E-01  0.177544E+01  0.281298E-01  0.293869E+01
  0.845000E+01  0.176718E+01  0.275672E-01  0.145897E+01  0.176718E+01  0.158610E+01  0.275672E-01  0.176718E+01  0.275672E-01  0.291486E+01
  0.850000E+01  0.175909E+01  0.270178E-01  0.145473E+01  0.175909E+01  0.158117E+01  0.270178E-01  0.175909E+01  0.270178E-01  0.289136E+01
  0.855000E+01  0.175114E+01  0.264811E-01  0.145050E+01  0.175114E+01  0.157631E+01  0.264811E-01  0.175114E+01  0.264811E-01  0.286818E+01
  0.860000E+01  0.174335E+01  0.259569E-01  0.144628E+01  0.174335E+01  0.157151E+01  0.259569E-01  0.174335E+01  0.259569E-01  0.284532E+01
  0.865000E+01  0.173570E+01  0.254449E-01  0.144206E+01  0.173570E+01  0.156679E+01  0.254449E-01  0.173570E+01  0.254449E-01  0.282277E+01
  0.870000E+01  0.172819E+01  0.249448E-01  0.143785E+01  0.172819E+01  0.156213E+01  0.249448E-01  0.172819E+01  0.249448E-01  0.280053E+01
  0.875000E+01  0.172082E+01  0.244563E-01  0.143365E+01  0.172082E+01  0.155753E+01  0.244563E-01  0.172082E+01  0.244563E-01  0.277859E+01
  0.880000E+01  0.171358E+01  0.239791E-01  0.142945E+01  0.171358E+01  0.155298E+01  0.239791E-01  0.171358E+01  0.239791E-01  0.275696E+01
  0.885000E+01  0.170648E+01  0.235130E-01  0.142525E+01  0.170648E+01  0.154849E+01  0.235130E-01  0.170648E+01  0.235130E-01  0.273564E+01
  0.890000E+01  0.169950E+01  0.230576E-01  0.142106E+01  0.169950E+01  0.154405E+01  0.230576E-01  0.169950E+01  0.230576E-01  0.271460E+01
  0.895000E+01  0.169265E+01  0.226127E-01  0.141687E+01  0.169265E+01  0.153966E+01  0.226127E-01  0.169265E+01  0.226127E-01  0.269387E+01
  0.900000E+01  0.168592E+01  0.221782E-01  0.141268E+01  0.168592E+01  0.153532E+01  0.221782E-01  0.168592E+01  0.221782E-01  0.267342E+01
  0.905000E+01  0.167930E+01  0.217536E-01  0.140849E+01  0.167930E+01  0.153102E+01  0.217536E-01  0.167930E+01  0.217536E-01  0.265325E+01
  0.910000E+01  0.167280E+01  0.213389E-01  0.140431E+01  0.167280E+01  0.152676E+01  0.213389E-01  0.167280E+01  0.213389E-01  0.263337E+01
  0.915000E+01  0.166641E+01  0.209336E-01  0.140012E+01  0.166641E+01  0.152255E+01  0.209336E-01  0.166641E+01  0.209336E-01  0.261378E+01
  0.920000E+01  0.166014E+01  0.205378E-01  0.139594E+01  0.166014E+01  0.151837E+01  0.205378E-01  0.166014E+01  0.205378E-01  0.259445E+01
  0.925000E+01  0.165396E+01  0.201510E-01  0.139176E+01  0.165396E+01  0.151423E+01  0.201510E-01  0.165396E+01  0.201510E-01  0.257540E+01
  0.930000E+01  0.164789E+01  0.197731E-01  0.138757E+01  0.164789E+01  0.151012E+01  0.197731E-01  0.164789E+01  0.197731E-01  0.255662E+01
  0.935000E+01  0.164192E+01  0.194039E-01  0.138339E+01  0.164192E+01  0.150604E+01  0.194039E-01  0.164192E+01  0.194039E-01  0.253811E+01
  0.940000E+01  0.163605E+01  0.190431E-01  0.137920E+01  0.163605E+01  0.150199E+01  0.190431E-01  0.163605E+01  0.190431E-01  0.251986E+01
  0.945000E+01  0.163027E+01  0.186907E-01  0.137502E+01  0.163027E+01  0.149798E+01  0.186907E-01  0.163027E+01  0.186907E-01  0.250188E+01
  0.950000E+01  0.162459E+01  0.183462E-01  0.137083E+01  0.162459E+01  0.149399E+01  0.183462E-01  0.162459E+01  0.183462E-01  0.248415E+01
  0.955000E+01  0.161899E+01  0.180097E-01  0.136664E+01  0.161899E+01  0.149002E+01  0.180097E-01  0.161899E+01  0.180097E-01  0.246667E+01
  0.960000E+01  0.161349E+01  0.176809E-01  0.136245E+01  0.161349E+01  0.148608E+01  0.176809E-01  0.161349E+01  0.176809E-01  0.244944E+01
  0.965000E+01  0.160806E+01  0.173596E-01  0.135826E+01  0.160806E+01  0.148216E+01  0.173596E-01  0.160806E+01  0.173596E-01  0.243247E+01
  0.970000E+01  0.160272E+01  0.170456E-01  0.135407E+01  0.160272E+01  0.147826E+01  0.170456E-01  0.160272E+01  0.170456E-01  0.241574E+01
  0.975000E+01  0.159746E+01  0.167387E-01  0.134988E+01  0.159746E+01  0.147439E+01  0.167387E-01  0.159746E+01  0.167387E-01  0.239925E+01
  0.980000E+01  0.159228E+01  0.164388E-01  0.134568E+01  0.159228E+01  0.147053E+01  0.164388E-01  0.159228E+01  0.164388E-01  0.238300E+01
  0.985000E+01  0.158717E+01  0.161458E-01  0.134149E+01  0.158717E+01  0.146669E+01  0.161458E-01  0.158717E+01  0.161458E-01  0.236698E+01
  0.990000E+01  0.158214E+01  0.158594E-01  0.133729E+01  0.158214E+01  0.146286E+01  0.158594E-01  0.158214E+01  0.158594E-01  0.235120E+01
  0.995000E+01  0.157717E+01  0.155794E-01  0.133309E+01  0.157717E+01  0.145905E+01  0.155794E-01  0.157717E+01  0.155794E-01  0.233565E+01
  0.100000E+02  0.157228E+01  0.153058E-01  0.132889E+01  0.157228E+01  0.145526E+01  0.153058E-01  0.157228E+01  0.153058E-01  0.232033E+01
  0.100500E+02  0.156745E+01  0.150384E-01  0.132469E+01  0.156745E+01  0.145148E+01  0.150384E-01  0.156745E+01  0.150384E-01  0.230523E+01
  0.101000E+02  0.156269E+01  0.147770E-01  0.132048E+01  0.156269E+01  0.144771E+01  0.147770E-01  0.156269E+01  0.147770E-01  0.229036E+01
  0.101500E+02  0.155799E+01  0.145215E-01  0.131627E+01  0.155799E+01  0.144395E+01  0.145215E-01  0.155799E+01  0.145215E-01  0.227570E+01
  0.102000E+02  0.155335E+01  0.142717E-01  0.131207E+01  0.155335E+01  0.144021E+01  0.142717E-01  0.155335E+01  0.142717E-01  0.226126E+01
  0.102500E+02  0.154877E+01  0.140275E-01  0.130786E+01  0.154877E+01  0.143647E+01  0.140275E-01  0.154877E+01  0.140275E-01  0.224703E+01
  0.103000E+02  0.154425E+01  0.137888E-01  0.130365E+01  0.154425E+01  0.143274E+01  0.137888E-01  0.154425E+01  0.137888E-01  0.223301E+01
  0.103500E+02  0.153979E+01  0.135554E-01  0.129943E+01  0.153979E+01  0.142903E+01  0.135554E-01  0.153979E+01  0.135554E-01  0.221921E+01
  0.104000E+02  0.153538E+01  0.133271E-01  0.129522E+01  0.153538E+01  0.142532E+01  0.133271E-01  0.153538E+01  0.133271E-01  0.220560E+01
  0.104500E+02  0.153102E+01  0.131040E-01  0.129101E+01  0.153102E+01  0.142161E+01  0.131040E-01  0.153102E+01  0.131040E-01  0.219220E+01
  0.105000E+02  0.152671E+01  0.128857E-01  0.128679E+01  0.152671E+01  0.141792E+01  0.128857E-01  0.152671E+01  0.128857E-01  0.217900E+01
  0.105500E+02  0.152245E+01  0.126723E-01  0.128258E+01  0.152245E+01  0.141423E+01  0.126723E-01  0.152245E+01  0.126723E-01  0.216599E+01
  0.106000E+02  0.151824E+01  0.124635E-01  0.127836E+01  0.151824E+01  0.141055E+01  0.124635E-01  0.151824E+01  0.124635E-01  0.215319E+01
  0.106500E+02  0.151408E+01  0.122593E-01  0.127414E+01  0.151408E+01  0.140687E+01  0.122593E-01  0.151408E+01  0.122593E-01  0.214057E+01
  0.107000E+02  0.150995E+01  0.120596E-01  0.126992E+01  0.150995E+01  0.140320E+01  0.120596E-01  0.150995E+01  0.120596E-01  0.212814E+01
  0.107500E+02  0.150588E+01  0.118642E-01  0.126570E+01  0.150588E+01  0.139953E+01  0.118642E-01  0.150588E+01  0.118642E-01  0.211590E+01
  0.108000E+02  0.150184E+01  0.116731E-01  0.126148E+01  0.150184E+01  0.139587E+01  0.116731E-01  0.150184E+01  0.116731E-01  0.210384E+01
  0.108500E+02  0.149784E+01  0.114860E-01  0.125726E+01  0.149784E+01  0.139221E+01  0.114860E-01  0.149784E+01  0.114860E-01  0.209196E+01
  0.109000E+02  0.149389E+01  0.113030E-01  0.125304E+01  0.149389E+01  0.138855E+01  0.113030E-01  0.149389E+01  0.113030E-01  0.208027E+01
  0.109500E+02  0.148997E+01  0.111239E-01  0.124882E+01  0.148997E+01  0.138490E+01  0.111239E-01  0.148997E+01  0.111239E-01  0.206875E+01
  0.110000E+02  0.148608E+01  0.109486E-01  0.124460E+01  0.148608E+01  0.138124E+01  0.109486E-01  0.148608E+01  0.109486E-01  0.205740E+01
  0.110500E+02  0.148223E+01  0.107770E-01  0.124038E+01  0.148223E+01  0.137760E+01  0.107770E-01  0.148223E+01  0.107770E-01  0.204623E+01
  0.111000E+02  0.147842E+01  0.106090E-01  0.123616E+01  0.147842E+01  0.137395E+01  0.106090E-01  0.147842E+01  0.106090E-01  0.203522E+01
  0.111500E+02  0.147464E+01  0.104445E-01  0.123194E+01  0.147464E+01  0.137031E+01  0.104445E-01  0.147464E+01  0.104445E-01  0.202439E+01
  0.112000E+02  0.147089E+01  0.102835E-01  0.122772E+01  0.147089E+01  0.136667E+01  0.102835E-01  0.147089E+01  0.102835E-01  0.201371E+01
  0.112500E+02  0.146717E+01  0.101258E-01  0.122351E+01  0.146717E+01  0.136303E+01  0.101258E-01  0.146717E+01  0.101258E-01  0.200320E+01
  0.113000E+02  0.146347E+01  0.997141E-02  0.121929E+01  0.146347E+01  0.135939E+01  0.997141E-02  0.146347E+01  0.997141E-02  0.199285E+01
  0.113500E+02  0.145981E+01  0.982015E-02  0.121507E+01  0.145981E+01  0.135575E+01  0.982015E-02  0.145981E+01  0.982015E-02  0.198266E+01
  0.114000E+02  0.145618E+01  0.967197E-02  0.121086E+01  0.145618E+01  0.135211E+01  0.967197E-02  0.145618E+01  0.967197E-02  0.197262E+01
  0.114500E+02  0.145257E+01  0.952680E-02  0.120665E+01  0.145257E+01  0.134848E+01  0.952680E-02  0.145257E+01  0.952680E-02  0.196273E+01
  0.115000E+02  0.144898E+01  0.938455E-02  0.120243E+01  0.144898E+01  0.134485E+01  0.938455E-02  0.144898E+01  0.938455E-02  0.195300E+01
  0.115500E+02  0.144542E+01  0.924514E-02  0.119822E+01  0.144542E+01  0.134121E+01  0.924514E-02  0.144542E+01  0.924514E-02  0.194341E+01
  0.116000E+02  0.144188E+01  0.910851E-02  0.119401E+01  0.144188E+01  0.133758E+01  0.910851E-02  0.144188E+01  0.910851E-02  0.193397E+01
  0.116500E+02  0.143837E+01  0.897458E-02  0.118981E+01  0.143837E+01  0.133395E+01  0.897458E-02  0.143837E+01  0.897458E-02  0.192467E+01
  0.117000E+02  0.143488E+01  0.884327E-02  0.118560E+01  0.143488E+01  0.133032E+01  0.884327E-02  0.143488E+01  0.884327E-02  0.191552E+01
  0.117500E+02  0.143140E+01  0.871452E-02  0.118140E+01  0.143140E+01  0.132669E+01  0.871452E-02  0.143140E+01  0.871452E-02  0.190650E+01
  0.118000E+02  0.142795E+01  0.858826E-02  0.117720E+01  0.142795E+01  0.132306E+01  0.858826E-02  0.142795E+01  0.858826E-02  0.189762E+01
  0.118500E+02  0.142452E+01  0.846443E-02  0.117300E+01  0.142452E+01  0.131943E+01  0.846443E-02  0.142452E+01  0.846443E-02  0.188888E+01
  0.119000E+02  0.142110E+01  0.834295E-02  0.116881E+01  0.142110E+01  0.131580E+01  0.834295E-02  0.142110E+01  0.834295E-02  0.188027E+01
  0.119500E+02  0.141771E+01  0.822377E-02  0.116462E+01  0.141771E+01  0.131217E+01  0.822377E-02  0.141771E+01  0.822377E-02  0.187179E+01
  0.120000E+02  0.141432E+01  0.810683E-02  0.116043E+01  0.141432E+01  0.130854E+01  0.810683E-02  0.141432E+01  0.810683E-02  0.186344E+01
  0.120500E+02  0.141096E+01  0.799206E-02  0.115624E+01  0.141096E+01  0.130492E+01  0.799206E-02  0.141096E+01  0.799206E-02  0.185521E+01
  0.121000E+02  0.140761E+01  0.787941E-02  0.115206E+01  0.140761E+01  0.130129E+01  0.787941E-02  0.140761E+01  0.787941E-02  0.184711E+01
  0.121500E+02  0.140428E+01  0.776883E-02  0.114788E+01  0.140428E+01  0.129766E+01  0.776883E-02  0.140428E+01  0.776883E-02  0.183914E+01
  0.122000E+02  0.140096E+01  0.766025E-02  0.114370E+01  0.140096E+01  0.129404E+01  0.766025E-02  0.140096E+01  0.766025E-02  0.183128E+01
  0.122500E+02  0.139765E+01  0.755363E-02  0.113953E+01  0.139765E+01  0.129041E+01  0.755363E-02  0.139765E+01  0.755363E-02  0.182354E+01
  0.123000E+02  0.139436E+01  0.744891E-02  0.113536E+01  0.139436E+01  0.128679E+01  0.744891E-02  0.139436E+01  0.744891E-02  0.181592E+01
  0.123500E+02  0.139108E+01  0.734605E-02  0.113119E+01  0.139108E+01  0.128316E+01  0.734605E-02  0.139108E+01  0.734605E-02  0.180841E+01
  0.124000E+02  0.138781E+01  0.724499E-02  0.112703E+01  0.138781E+01  0.127954E+01  0.724499E-02  0.138781E+01  0.724499E-02  0.180102E+01
  0.124500E+02  0.138456E+01  0.714569E-02  0.112287E+01  0.138456E+01  0.127591E+01  0.714569E-02  0.138456E+01  0.714569E-02  0.179373E+01
  0.125000E+02  0.138131E+01  0.704810E-02  0.111872E+01  0.138131E+01  0.127229E+01  0.704810E-02  0.138131E+01  0.704810E-02  0.178656E+01
  0.125500E+02  0.137808E+01  0.695218E-02  0.111457E+01  0.137808E+01  0.126867E+01  0.695218E-02  0.137808E+01  0.695218E-02  0.177949E+01
  0.126000E+02  0.137485E+01  0.685788E-02  0.111042E+01  0.137485E+01  0.126505E+01  0.685788E-02  0.137485E+01  0.685788E-02  0.177253E+01
  0.126500E+02  0.137164E+01  0.676517E-02  0.110628E+01  0.137164E+01  0.126143E+01  0.676517E-02  0.137164E+01  0.676517E-02  0.176567E+01
  0.127000E+02  0.136843E+01  0.667400E-02  0.110215E+01  0.136843E+01  0.125781E+01  0.667400E-02  0.136843E+01  0.667400E-02  0.175891E+01
  0.127500E+02  0.136523E+01  0.658433E-02  0.109802E+01  0.136523E+01  0.125419E+01  0.658433E-02  0.136523E+01  0.658433E-02  0.175225E+01
  0.128000E+02  0.136204E+01  0.649613E-02  0.109389E+01  0.136204E+01  0.125057E+01  0.649613E-02  0.136204E+01  0.649613E-02  0.174569E+01
  0.128500E+02  0.135886E+01  0.640935E-02  0.108977E+01  0.135886E+01  0.124695E+01  0.640935E-02  0.135886E+01  0.640935E-02  0.173922E+01
  0.129000E+02  0.135569E+01  0.632397E-02  0.108566E+01  0.135569E+01  0.124334E+01  0.632397E-02  0.135569E+01  0.632397E-02  0.173285E+01
  0.129500E+02  0.135252E+01  0.623994E-02  0.108155E+01  0.135252E+01  0.123972E+01  0.623994E-02  0.135252E+01  0.623994E-02  0.172658E+01
  0.130000E+02  0.134936E+01  0.615723E-02  0.107744E+01  0.134936E+01  0.123611E+01  0.615723E-02  0.134936E+01  0.615723E-02  0.172039E+01
  0.130500E+02  0.134621E+01  0.607582E-02  0.107334E+01  0.134621E+01  0.123249E+01  0.607582E-02  0.134621E+01  0.607582E-02  0.171429E+01
  0.131000E+02  0.134307E+01  0.599566E-02  0.106925E+01  0.134307E+01  0.122888E+01  0.599566E-02  0.134307E+01  0.599566E-02  0.170828E+01
  0.131500E+02  0.133992E+01  0.591672E-02  0.106516E+01  0.133992E+01  0.122527E+01  0.591672E-02  0.133992E+01  0.591672E-02  0.170236E+01
  0.132000E+02  0.133679E+01  0.583899E-02  0.106108E+01  0.133679E+01  0.122166E+01  0.583899E-02  0.133679E+01  0.583899E-02  0.169651E+01
  0.132500E+02  0.133366E+01  0.576243E-02  0.105700E+01  0.133366E+01  0.121806E+01  0.576243E-02  0.133366E+01  0.576243E-02  0.169076E+01
  0.133000E+02  0.133054E+01  0.568700E-02  0.105293E+01  0.133054E+01  0.121445E+01  0.568700E-02  0.133054E+01  0.568700E-02  0.168508E+01
  0.133500E+02  0.132742E+01  0.561269E-02  0.104887E+01  0.132742E+01  0.121085E+01  0.561269E-02  0.132742E+01  0.561269E-02  0.167948E+01
  0.134000E+02  0.132430E+01  0.553947E-02  0.104482E+01  0.132430E+01  0.120724E+01  0.553947E-02  0.132430E+01  0.553947E-02  0.167396E+01
  0.134500E+02  0.132119E+01  0.546731E-02  0.104077E+01  0.132119E+01  0.120364E+01  0.546731E-02  0.132119E+01  0.546731E-02  0.166852E+01
  0.135000E+02  0.131808E+01  0.539618E-02  0.103672E+01  0.131808E+01  0.120005E+01  0.539618E-02  0.131808E+01  0.539618E-02  0.166315E+01
  0.135500E+02  0.131498E+01  0.532608E-02  0.103268E+01  0.131498E+01  0.119645E+01  0.532608E-02  0.131498E+01  0.532608E-02  0.165786E+01
  0.136000E+02  0.131188E+01  0.525696E-02  0.102865E+01  0.131188E+01  0.119286E+01  0.525696E-02  0.131188E+01  0.525696E-02  0.165264E+01
  0.136500E+02  0.130879E+01  0.518881E-02  0.102463E+01  0.130879E+01  0.118926E+01  0.518881E-02  0.130879E+01  0.518881E-02  0.164748E+01
  0.137000E+02  0.130570E+01  0.512161E-02  0.102062E+01  0.130570E+01  0.118567E+01  0.512161E-02  0.130570E+01  0.512161E-02  0.164240E+01
  0.137500E+02  0.130261E+01  0.505533E-02  0.101661E+01  0.130261E+01  0.118209E+01  0.505533E-02  0.130261E+01  0.505533E-02  0.163739E+01
  0.138000E+02  0.129952E+01  0.498996E-02  0.101260E+01  0.129952E+01  0.117850E+01  0.498996E-02  0.129952E+01  0.498996E-02  0.163244E+01
  0.138500E+02  0.129644E+01  0.492548E-02  0.100861E+01  0.129644E+01  0.117492E+01  0.492548E-02  0.129644E+01  0.492548E-02  0.162755E+01
  0.139000E+02  0.129336E+01  0.486186E-02  0.100462E+01  0.129336E+01  0.117134E+01  0.486186E-02  0.129336E+01  0.486186E-02  0.162273E+01
  0.139500E+02  0.129028E+01  0.479910E-02  0.100064E+01  0.129028E+01  0.116776E+01  0.479910E-02  0.129028E+01  0.479910E-02  0.161797E+01
  0.140000E+02  0.128721E+01  0.473717E-02  0.996672E+00  0.128721E+01  0.116419E+01  0.473717E-02  0.128721E+01  0.473717E-02  0.161328E+01
  0.140500E+02  0.128414E+01  0.467605E-02  0.992707E+00  0.128414E+01  0.116061E+01  0.467605E-02  0.128414E+01  0.467605E-02  0.160864E+01
  0.141000E+02  0.128107E+01  0.461573E-02  0.988751E+00  0.128107E+01  0.115704E+01  0.461573E-02  0.128107E+01  0.461573E-02  0.160406E+01
  0.141500E+02  0.127800E+01  0.455620E-02  0.984802E+00  0.127800E+01  0.115348E+01  0.455620E-02  0.127800E+01  0.455620E-02  0.159954E+01
  0.142000E+02  0.127493E+01  0.449743E-02  0.980862E+00  0.127493E+01  0.114991E+01  0.449743E-02  0.127493E+01  0.449743E-02  0.159507E+01
  0.142500E+02  0.127187E+01  0.443942E-02  0.976930E+00  0.127187E+01  0.114635E+01  0.443942E-02  0.127187E+01  0.443942E-02  0.159066E+01
  0.143000E+02  0.126881E+01  0.438214E-02  0.973005E+00  0.126881E+01  0.114280E+01  0.438214E-02  0.126881E+01  0.438214E-02  0.158630E+01
  0.143500E+02  0.126575E+01  0.432559E-02  0.969090E+00  0.126575E+01  0.113924E+01  0.432559E-02  0.126575E+01  0.432559E-02  0.158199E+01
  0.144000E+02  0.126269E+01  0.426975E-02  0.965182E+00  0.126269E+01  0.113569E+01  0.426975E-02  0.126269E+01  0.426975E-02  0.157774E+01
  0.144500E+02  0.125963E+01  0.421461E-02  0.961283E+00  0.125963E+01  0.113215E+01  0.421461E-02  0.125963E+01  0.421461E-02  0.157354E+01
  0.145000E+02  0.125658E+01  0.416016E-02  0.957392E+00  0.125658E+01  0.112860E+01  0.416016E-02  0.125658E+01  0.416016E-02  0.156938E+01
  0.145500E+02  0.125353E+01  0.410637E-02  0.953510E+00  0.125353E+01  0.112506E+01  0.410637E-02  0.125353E+01  0.410637E-02  0.156527E+01
  0.146000E+02  0.125047E+01  0.405325E-02  0.949637E+00  0.125047E+01  0.112153E+01  0.405325E-02  0.125047E+01  0.405325E-02  0.156121E+01
  0.146500E+02  0.124742E+01  0.400078E-02  0.945772E+00  0.124742E+01  0.111799E+01  0.400078E-02  0.124742E+01  0.400078E-02  0.155720E+01
  0.147000E+02  0.124437E+01  0.394895E-02  0.941917E+00  0.124437E+01  0.111446E+01  0.394895E-02  0.124437E+01  0.394895E-02  0.155323E+01
  0.147500E+02  0.124133E+01  0.389774E-02  0.938070E+00  0.124133E+01  0.111094E+01  0.389774E-02  0.124133E+01  0.389774E-02  0.154930E+01
  0.148000E+02  0.123828E+01  0.384716E-02  0.934232E+00  0.123828E+01  0.110742E+01  0.384716E-02  0.123828E+01  0.384716E-02  0.154541E+01
  0.148500E+02  0.123523E+01  0.379718E-02  0.930403E+00  0.123523E+01  0.110390E+01  0.379718E-02  0.123523E+01  0.379718E-02  0.154157E+01
  0.149000E+02  0.123219E+01  0.374780E-02  0.926584E+00  0.123219E+01  0.110039E+01  0.374780E-02  0.123219E+01  0.374780E-02  0.153777E+01
  0.149500E+02  0.122915E+01  0.369901E-02  0.922774E+00  0.122915E+01  0.109688E+01  0.369901E-02  0.122915E+01  0.369901E-02  0.153401E+01
  0.150000E+02  0.122611E+01  0.365080E-02  0.918973E+00  0.122611E+01  0.109337E+01  0.365080E-02  0.122611E+01  0.365080E-02  0.153028E+01
  0.150500E+02  0.122307E+01  0.360316E-02  0.915181E+00  0.122307E+01  0.108987E+01  0.360316E-02  0.122307E+01  0.360316E-02  0.152660E+01
  0.151000E+02  0.122003E+01  0.355609E-02  0.911399E+00  0.122003E+01  0.108638E+01  0.355609E-02  0.122003E+01  0.355609E-02  0.152295E+01
  0.151500E+02  0.121699E+01  0.350957E-02  0.907626E+00  0.121699E+01  0.108289E+01  0.350957E-02  0.121699E+01  0.350957E-02  0.151934E+01
  0.152000E+02  0.121395E+01  0.346359E-02  0.903863E+00  0.121395E+01  0.107940E+01  0.346359E-02  0.121395E+01  0.346359E-02  0.151576E+01
  0.152500E+02  0.121092E+01  0.341816E-02  0.900110E+00  0.121092E+01  0.107592E+01  0.341816E-02  0.121092E+01  0.341816E-02  0.151222E+01
  0.153000E+02  0.120788E+01  0.337325E-02  0.896366E+00  0.120788E+01  0.107244E+01  0.337325E-02  0.120788E+01  0.337325E-02  0.150871E+01
  0.153500E+02  0.120485E+01  0.332887E-02  0.892632E+00  0.120485E+01  0.106897E+01  0.332887E-02  0.120485E+01  0.332887E-02  0.150523E+01
  0.154000E+02  0.120182E+01  0.328500E-02  0.888908E+00  0.120182E+01  0.106550E+01  0.328500E-02  0.120182E+01  0.328500E-02  0.150179E+01
  0.154500E+02  0.119878E+01  0.324165E-02  0.885194E+00  0.119878E+01  0.106203E+01  0.324165E-02  0.119878E+01  0.324165E-02  0.149837E+01
  0.155000E+02  0.119575E+01  0.319880E-02  0.881490E+00  0.119575E+01  0.105858E+01  0.319880E-02  0.119575E+01  0.319880E-02  0.149499E+01
  0.155500E+02  0.119273E+01  0.315644E-02  0.877795E+00  0.119273E+01  0.105512E+01  0.315644E-02  0.119273E+01  0.315644E-02  0.149164E+01
  0.156000E+02  0.118970E+01  0.311457E-02  0.874111E+00  0.118970E+01  0.105167E+01  0.311457E-02  0.118970E+01  0.311457E-02  0.148831E+01
  0.156500E+02  0.118667E+01  0.307319E-02  0.870437E+00  0.118667E+01  0.104823E+01  0.307319E-02  0.118667E+01  0.307319E-02  0.148502E+01
  0.157000E+02  0.118365E+01  0.303229E-02  0.866774E+00  0.118365E+01  0.104479E+01  0.303229E-02  0.118365E+01  0.303229E-02  0.148175E+01
  0.157500E+02  0.118062E+01  0.299186E-02  0.863120E+00  0.118062E+01  0.104136E+01  0.299186E-02  0.118062E+01  0.299186E-02  0.147851E+01
  0.158000E+02  0.117760E+01  0.295189E-02  0.859477E+00  0.117760E+01  0.103793E+01  0.295189E-02  0.117760E+01  0.295189E-02  0.147529E+01
  0.158500E+02  0.117458E+01  0.291239E-02  0.855844E+00  0.117458E+01  0.103451E+01  0.291239E-02  0.117458E+01  0.291239E-02  0.147210E+01
  0.159000E+02  0.117156E+01  0.287334E-02  0.852222E+00  0.117156E+01  0.103109E+01  0.287334E-02  0.117156E+01  0.287334E-02  0.146893E+01
  0.159500E+02  0.116854E+01  0.283474E-02  0.848610E+00  0.116854E+01  0.102768E+01  0.283474E-02  0.116854E+01  0.283474E-02  0.146579E+01
  0.160000E+02  0.116552E+01  0.279659E-02  0.845009E+00  0.116552E+01  0.102427E+01  0.279659E-02  0.116552E+01  0.279659E-02  0.146267E+01
  0.160500E+02  0.116250E+01  0.275887E-02  0.841418E+00  0.116250E+01  0.102087E+01  0.275887E-02  0.116250E+01  0.275887E-02  0.145958E+01
  0.161000E+02  0.115949E+01  0.272160E-02  0.837838E+00  0.115949E+01  0.101748E+01  0.272160E-02  0.115949E+01  0.272160E-02  0.145651E+01
  0.161500E+02  0.115648E+01  0.268475E-02  0.834268E+00  0.115648E+01  0.101409E+01  0.268475E-02  0.115648E+01  0.268475E-02  0.145346E+01
  0.162000E+02  0.115346E+01  0.264833E-02  0.830710E+00  0.115346E+01  0.101071E+01  0.264833E-02  0.115346E+01  0.264833E-02  0.145043E+01
  0.162500E+02  0.115045E+01  0.261233E-02  0.827162E+00  0.115045E+01  0.100733E+01  0.261233E-02  0.115045E+01  0.261233E-02  0.144742E+01
  0.163000E+02  0.114744E+01  0.257674E-02  0.823624E+00  0.114744E+01  0.100396E+01  0.257674E-02  0.114744E+01  0.257674E-02  0.144443E+01
  0.163500E+02  0.114444E+01  0.254157E-02  0.820098E+00  0.114444E+01  0.100059E+01  0.254157E-02  0.114444E+01  0.254157E-02  0.144146E+01
  0.164000E+02  0.114143E+01  0.250680E-02  0.816582E+00  0.114143E+01  0.997230E+00  0.250680E-02  0.114143E+01  0.250680E-02  0.143851E+01
  0.164500E+02  0.113843E+01  0.247244E-02  0.813078E+00  0.113843E+01  0.993876E+00  0.247244E-02  0.113843E+01  0.247244E-02  0.143558E+01
  0.165000E+02  0.113542E+01  0.243848E-02  0.809584E+00  0.113542E+01  0.990528E+00  0.243848E-02  0.113542E+01  0.243848E-02  0.143266E+01
  0.165500E+02  0.113242E+01  0.240492E-02  0.806101E+00  0.113242E+01  0.987186E+00  0.240492E-02  0.113242E+01  0.240492E-02  0.142977E+01
  0.166000E+02  0.112942E+01  0.237174E-02  0.802630E+00  0.112942E+01  0.983851E+00  0.237174E-02  0.112942E+01  0.237174E-02  0.142689E+01
  0.166500E+02  0.112643E+01  0.233896E-02  0.799169E+00  0.112643E+01  0.980522E+00  0.233896E-02  0.112643E+01  0.233896E-02  0.142403E+01
  0.167000E+02  0.112343E+01  0.230655E-02  0.795720E+00  0.112343E+01  0.977199E+00  0.230655E-02  0.112343E+01  0.230655E-02  0.142118E+01
  0.167500E+02  0.112044E+01  0.227453E-02  0.792282E+00  0.112044E+01  0.973882E+00  0.227453E-02  0.112044E+01  0.227453E-02  0.141835E+01
  0.168000E+02  0.111744E+01  0.224288E-02  0.788855E+00  0.111744E+01  0.970571E+00  0.224288E-02  0.111744E+01  0.224288E-02  0.141554E+01
  0.168500E+02  0.111445E+01  0.221161E-02  0.785439E+00  0.111445E+01  0.967268E+00  0.221161E-02  0.111445E+01  0.221161E-02  0.141274E+01
  0.169000E+02  0.111147E+01  0.218070E-02  0.782034E+00  0.111147E+01  0.963970E+00  0.218070E-02  0.111147E+01  0.218070E-02  0.140995E+01
  0.169500E+02  0.110848E+01  0.215016E-02  0.778641E+00  0.110848E+01  0.960679E+00  0.215016E-02  0.110848E+01  0.215016E-02  0.140718E+01
  0.170000E+02  0.110550E+01  0.211998E-02  0.775259E+00  0.110550E+01  0.957395E+00  0.211998E-02  0.110550E+01  0.211998E-02  0.140442E+01
  0.170500E+02  0.110251E+01  0.209016E-02  0.771888E+00  0.110251E+01  0.954117E+00  0.209016E-02  0.110251E+01  0.209016E-02  0.140168E+01
  0.171000E+02  0.109953E+01  0.206069E-02  0.768528E+00  0.109953E+01  0.950846E+00  0.206069E-02  0.109953E+01  0.206069E-02  0.139895E+01
  0.171500E+02  0.109655E+01  0.203158E-02  0.765180E+00  0.109655E+01  0.947582E+00  0.203158E-02  0.109655E+01  0.203158E-02  0.139623E+01
  0.172000E+02  0.109358E+01  0.200281E-02  0.761844E+00  0.109358E+01  0.944324E+00  0.200281E-02  0.109358E+01  0.200281E-02  0.139352E+01
  0.172500E+02  0.109061E+01  0.197439E-02  0.758518E+00  0.109061E+01  0.941073E+00  0.197439E-02  0.109061E+01  0.197439E-02  0.139083E+01
  0.173000E+02  0.108763E+01  0.194631E-02  0.755205E+00  0.108763E+01  0.937829E+00  0.194631E-02  0.108763E+01  0.194631E-02  0.138815E+01
  0.173500E+02  0.108467E+01  0.191857E-02  0.751902E+00  0.108467E+01  0.934592E+00  0.191857E-02  0.108467E+01  0.191857E-02  0.138547E+01
  0.174000E+02  0.108170E+01  0.189117E-02  0.748612E+00  0.108170E+01  0.931361E+00  0.189117E-02  0.108170E+01  0.189117E-02  0.138281E+01
  0.174500E+02  0.107873E+01  0.186409E-02  0.745332E+00  0.107873E+01  0.928138E+00  0.186409E-02  0.107873E+01  0.186409E-02  0.138017E+01
  0.175000E+02  0.107577E+01  0.183735E-02  0.742065E+00  0.107577E+01  0.924921E+00  0.183735E-02  0.107577E+01  0.183735E-02  0.137753E+01
  0.175500E+02  0.107281E+01  0.181093E-02  0.738808E+00  0.107281E+01  0.921712E+00  0.181093E-02  0.107281E+01  0.181093E-02  0.137490E+01
  0.176000E+02  0.106986E+01  0.178484E-02  0.735564E+00  0.106986E+01  0.918510E+00  0.178484E-02  0.106986E+01  0.178484E-02  0.137228E+01
  0.176500E+02  0.106690E+01  0.175906E-02  0.732331E+00  0.106690E+01  0.915314E+00  0.175906E-02  0.106690E+01  0.175906E-02  0.136967E+01
  0.177000E+02  0.106395E+01  0.173360E-02  0.729109E+00  0.106395E+01  0.912126E+00  0.173360E-02  0.106395E+01  0.173360E-02  0.136707E+01
  0.177500E+02  0.106100E+01  0.170846E-02  0.725899E+00  0.106100E+01  0.908945E+00  0.170846E-02  0.106100E+01  0.170846E-02  0.136448E+01
  0.178000E+02  0.105805E+01  0.168362E-02  0.722701E+00  0.105805E+01  0.905771E+00  0.168362E-02  0.105805E+01  0.168362E-02  0.136190E+01
  0.178500E+02  0.105511E+01  0.165910E-02  0.719515E+00  0.105511E+01  0.902605E+00  0.165910E-02  0.105511E+01  0.165910E-02  0.135932E+01
  0.179000E+02  0.105217E+01  0.163488E-02  0.716340E+00  0.105217E+01  0.899445E+00  0.163488E-02  0.105217E+01  0.163488E-02  0.135676E+01
  0.179500E+02  0.104923E+01  0.161096E-02  0.713176E+00  0.104923E+01  0.896293E+00  0.161096E-02  0.104923E+01  0.161096E-02  0.135420E+01
  0.180000E+02  0.104630E+01  0.158734E-02  0.710025E+00  0.104630E+01  0.893149E+00  0.158734E-02  0.104630E+01  0.158734E-02  0.135165E+01
  0.180500E+02  0.104336E+01  0.156402E-02  0.706885E+00  0.104336E+01  0.890011E+00  0.156402E-02  0.104336E+01  0.156402E-02  0.134911E+01
  0.181000E+02  0.104044E+01  0.154099E-02  0.703757E+00  0.104044E+01  0.886882E+00  0.154099E-02  0.104044E+01  0.154099E-02  0.134658E+01
  0.181500E+02  0.103751E+01  0.151825E-02  0.700640E+00  0.103751E+01  0.883759E+00  0.151825E-02  0.103751E+01  0.151825E-02  0.134405E+01
  0.182000E+02  0.103459E+01  0.149580E-02  0.697536E+00  0.103459E+01  0.880644E+00  0.149580E-02  0.103459E+01  0.149580E-02  0.134154E+01
  0.182500E+02  0.103167E+01  0.147364E-02  0.694443E+00  0.103167E+01  0.877536E+00  0.147364E-02  0.103167E+01  0.147364E-02  0.133902E+01
  0.183000E+02  0.102875E+01  0.145176E-02  0.691361E+00  0.102875E+01  0.874436E+00  0.145176E-02  0.102875E+01  0.145176E-02  0.133652E+01
  0.183500E+02  0.102583E+01  0.143016E-02  0.688292E+00  0.102583E+01  0.871344E+00  0.143016E-02  0.102583E+01  0.143016E-02  0.133402E+01
  0.184000E+02  0.102292E+01  0.140884E-02  0.685234E+00  0.102292E+01  0.868259E+00  0.140884E-02  0.102292E+01  0.140884E-02  0.133153E+01
  0.184500E+02  0.102002E+01  0.138779E-02  0.682188E+00  0.102002E+01  0.865182E+00  0.138779E-02  0.102002E+01  0.138779E-02  0.132904E+01
  0.185000E+02  0.101711E+01  0.136701E-02  0.679153E+00  0.101711E+01  0.862112E+00  0.136701E-02  0.101711E+01  0.136701E-02  0.132656E+01
  0.185500E+02  0.101421E+01  0.134651E-02  0.676131E+00  0.101421E+01  0.859050E+00  0.134651E-02  0.101421E+01  0.134651E-02  0.132409E+01
  0.186000E+02  0.101131E+01  0.132627E-02  0.673120E+00  0.101131E+01  0.855995E+00  0.132627E-02  0.101131E+01  0.132627E-02  0.132162E+01
  0.186500E+02  0.100842E+01  0.130629E-02  0.670121E+00  0.100842E+01  0.852949E+00  0.130629E-02  0.100842E+01  0.130629E-02  0.131916E+01
  0.187000E+02  0.100553E+01  0.128658E-02  0.667133E+00  0.100553E+01  0.849910E+00  0.128658E-02  0.100553E+01  0.128658E-02  0.131670E+01
  0.187500E+02  0.100264E+01  0.126713E-02  0.664158E+00  0.100264E+01  0.846879E+00  0.126713E-02  0.100264E+01  0.126713E-02  0.131425E+01
  0.188000E+02  0.999757E+00  0.124793E-02  0.661194E+00  0.999757E+00  0.843855E+00  0.124793E-02  0.999757E+00  0.124793E-02  0.131180E+01
  0.188500E+02  0.996877E+00  0.122899E-02  0.658242E+00  0.996877E+00  0.840840E+00  0.122899E-02  0.996877E+00  0.122899E-02  0.130936E+01
  0.189000E+02  0.994000E+00  0.121029E-02  0.655301E+00  0.994000E+00  0.837832E+00  0.121029E-02  0.994000E+00  0.121029E-02  0.130693E+01
  0.189500E+02  0.991127E+00  0.119185E-02  0.652372E+00  0.991127E+00  0.834832E+00  0.119185E-02  0.991127E+00  0.119185E-02  0.130450E+01
  0.190000E+02  0.988257E+00  0.117365E-02  0.649455E+00  0.988257E+00  0.831840E+00  0.117365E-02  0.988257E+00  0.117365E-02  0.130207E+01
  0.190500E+02  0.985392E+00  0.115570E-02  0.646550E+00  0.985392E+00  0.828855E+00  0.115570E-02  0.985392E+00  0.115570E-02  0.129965E+01
  0.191000E+02  0.982530E+00  0.113799E-02  0.643656E+00  0.982530E+00  0.825879E+00  0.113799E-02  0.982530E+00  0.113799E-02  0.129723E+01
  0.191500E+02  0.979672E+00  0.112052E-02  0.640775E+00  0.979672E+00  0.822911E+00  0.112052E-02  0.979672E+00  0.112052E-02  0.129482E+01
  0.192000E+02  0.976817E+00  0.110328E-02  0.637904E+00  0.976817E+00  0.819950E+00  0.110328E-02  0.976817E+00  0.110328E-02  0.129241E+01
  0.192500E+02  0.973967E+00  0.108628E-02  0.635046E+00  0.973967E+00  0.816997E+00  0.108628E-02  0.973967E+00  0.108628E-02  0.129001E+01
  0.193000E+02  0.971120E+00  0.106951E-02  0.632199E+00  0.971120E+00  0.814053E+00  0.106951E-02  0.971120E+00  0.106951E-02  0.128761E+01
  0.193500E+02  0.968277E+00  0.105297E-02  0.629364E+00  0.968277E+00  0.811116E+00  0.105297E-02  0.968277E+00  0.105297E-02  0.128521E+01
  0.194000E+02  0.965438E+00  0.103666E-02  0.626540E+00  0.965438E+00  0.808188E+00  0.103666E-02  0.965438E+00  0.103666E-02  0.128282E+01
  0.194500E+02  0.962604E+00  0.102057E-02  0.623728E+00  0.962604E+00  0.805267E+00  0.102057E-02  0.962604E+00  0.102057E-02  0.128043E+01
  0.195000E+02  0.959773E+00  0.100471E-02  0.620928E+00  0.959773E+00  0.802355E+00  0.100471E-02  0.959773E+00  0.100471E-02  0.127805E+01
  0.195500E+02  0.956946E+00  0.989062E-03  0.618140E+00  0.956946E+00  0.799450E+00  0.989062E-03  0.956946E+00  0.989062E-03  0.127567E+01
  0.196000E+02  0.954123E+00  0.973634E-03  0.615363E+00  0.954123E+00  0.796554E+00  0.973634E-03  0.954123E+00  0.973634E-03  0.127329E+01
  0.196500E+02  0.951305E+00  0.958421E-03  0.612597E+00  0.951305E+00  0.793665E+00  0.958421E-03  0.951305E+00  0.958421E-03  0.127092E+01
  0.197000E+02  0.948491E+00  0.943421E-03  0.609843E+00  0.948491E+00  0.790785E+00  0.943421E-03  0.948491E+00  0.943421E-03  0.126855E+01
  0.197500E+02  0.945681E+00  0.928631E-03  0.607101E+00  0.945681E+00  0.787913E+00  0.928631E-03  0.945681E+00  0.928631E-03  0.126618E+01
  0.198000E+02  0.942875E+00  0.914050E-03  0.604370E+00  0.942875E+00  0.785049E+00  0.914050E-03  0.942875E+00  0.914050E-03  0.126382E+01
  0.198500E+02  0.940073E+00  0.899675E-03  0.601651E+00  0.940073E+00  0.782193E+00  0.899675E-03  0.940073E+00  0.899675E-03  0.126146E+01
  0.199000E+02  0.937276E+00  0.885505E-03  0.598944E+00  0.937276E+00  0.779345E+00  0.885505E-03  0.937276E+00  0.885505E-03  0.125910E+01
  0.199500E+02  0.934483E+00  0.871535E-03  0.596247E+00  0.934483E+00  0.776506E+00  0.871535E-03  0.934483E+00  0.871535E-03  0.125675E+01
  0.200000E+02  0.931695E+00  0.857765E-03  0.593563E+00  0.931695E+00  0.773674E+00  0.857765E-03  0.931695E+00  0.857765E-03  0.125440E+01
  0.200500E+02  0.928910E+00  0.844192E-03  0.590890E+00  0.928910E+00  0.770851E+00  0.844192E-03  0.928910E+00  0.844192E-03  0.125206E+01
  0.201000E+02  0.926131E+00  0.830815E-03  0.588228E+00  0.926131E+00  0.768036E+00  0.830815E-03  0.926131E+00  0.830815E-03  0.124971E+01
  0.201500E+02  0.923355E+00  0.817630E-03  0.585578E+00  0.923355E+00  0.765229E+00  0.817630E-03  0.923355E+00  0.817630E-03  0.124737E+01
  0.202000E+02  0.920585E+00  0.804635E-03  0.582939E+00  0.920585E+00  0.762430E+00  0.804635E-03  0.920585E+00  0.804635E-03  0.124504E+01
  0.202500E+02  0.917818E+00  0.791830E-03  0.580311E+00  0.917818E+00  0.759640E+00  0.791830E-03  0.917818E+00  0.791830E-03  0.124270E+01
  0.203000E+02  0.915057E+00  0.779210E-03  0.577695E+00  0.915057E+00  0.756858E+00  0.779210E-03  0.915057E+00  0.779210E-03  0.124037E+01
  0.203500E+02  0.912300E+00  0.766775E-03  0.575091E+00  0.912300E+00  0.754084E+00  0.766775E-03  0.912300E+00  0.766775E-03  0.123804E+01
  0.204000E+02  0.909547E+00  0.754523E-03  0.572497E+00  0.909547E+00  0.751318E+00  0.754523E-03  0.909547E+00  0.754523E-03  0.123572E+01
  0.204500E+02  0.906799E+00  0.742450E-03  0.569915E+00  0.906799E+00  0.748560E+00  0.742450E-03  0.906799E+00  0.742450E-03  0.123339E+01
  0.205000E+02  0.904056E+00  0.730555E-03  0.567344E+00  0.904056E+00  0.745811E+00  0.730555E-03  0.904056E+00  0.730555E-03  0.123107E+01
  0.205500E+02  0.901318E+00  0.718835E-03  0.564785E+00  0.901318E+00  0.743070E+00  0.718835E-03  0.901318E+00  0.718835E-03  0.122876E+01
  0.206000E+02  0.898584E+00  0.707290E-03  0.562236E+00  0.898584E+00  0.740337E+00  0.707290E-03  0.898584E+00  0.707290E-03  0.122644E+01
  0.206500E+02  0.895855E+00  0.695917E-03  0.559699E+00  0.895855E+00  0.737613E+00  0.695917E-03  0.895855E+00  0.695917E-03  0.122413E+01
  0.207000E+02  0.893131E+00  0.684713E-03  0.557173E+00  0.893131E+00  0.734896E+00  0.684713E-03  0.893131E+00  0.684713E-03  0.122182E+01
  0.207500E+02  0.890412E+00  0.673677E-03  0.554659E+00  0.890412E+00  0.732188E+00  0.673677E-03  0.890412E+00  0.673677E-03  0.121952E+01
  0.208000E+02  0.887698E+00  0.662807E-03  0.552155E+00  0.887698E+00  0.729488E+00  0.662807E-03  0.887698E+00  0.662807E-03  0.121721E+01
  0.208500E+02  0.884988E+00  0.652101E-03  0.549662E+00  0.884988E+00  0.726797E+00  0.652101E-03  0.884988E+00  0.652101E-03  0.121491E+01
  0.209000E+02  0.882284E+00  0.641556E-03  0.547181E+00  0.882284E+00  0.724114E+00  0.641556E-03  0.882284E+00  0.641556E-03  0.121262E+01
  0.209500E+02  0.879584E+00  0.631171E-03  0.544711E+00  0.879584E+00  0.721439E+00  0.631171E-03  0.879584E+00  0.631171E-03  0.121032E+01
  0.210000E+02  0.876889E+00  0.620945E-03  0.542252E+00  0.876889E+00  0.718772E+00  0.620945E-03  0.876889E+00  0.620945E-03  0.120803E+01
  0.210500E+02  0.874199E+00  0.610874E-03  0.539803E+00  0.874199E+00  0.716114E+00  0.610874E-03  0.874199E+00  0.610874E-03  0.120574E+01
  0.211000E+02  0.871515E+00  0.600957E-03  0.537366E+00  0.871515E+00  0.713464E+00  0.600957E-03  0.871515E+00  0.600957E-03  0.120345E+01
  0.211500E+02  0.868835E+00  0.591192E-03  0.534940E+00  0.868835E+00  0.710822E+00  0.591192E-03  0.868835E+00  0.591192E-03  0.120116E+01
  0.212000E+02  0.866160E+00  0.581578E-03  0.532524E+00  0.866160E+00  0.708189E+00  0.581578E-03  0.866160E+00  0.581578E-03  0.119888E+01
  0.212500E+02  0.863491E+00  0.572112E-03  0.530120E+00  0.863491E+00  0.705563E+00  0.572112E-03  0.863491E+00  0.572112E-03  0.119660E+01
  0.213000E+02  0.860826E+00  0.562793E-03  0.527726E+00  0.860826E+00  0.702946E+00  0.562793E-03  0.860826E+00  0.562793E-03  0.119432E+01
  0.213500E+02  0.858167E+00  0.553618E-03  0.525343E+00  0.858167E+00  0.700338E+00  0.553618E-03  0.858167E+00  0.553618E-03  0.119205E+01
  0.214000E+02  0.855513E+00  0.544587E-03  0.522971E+00  0.855513E+00  0.697737E+00  0.544587E-03  0.855513E+00  0.544587E-03  0.118978E+01
  0.214500E+02  0.852864E+00  0.535696E-03  0.520610E+00  0.852864E+00  0.695145E+00  0.535696E-03  0.852864E+00  0.535696E-03  0.118750E+01
  0.215000E+02  0.850220E+00  0.526945E-03  0.518260E+00  0.850220E+00  0.692561E+00  0.526945E-03  0.850220E+00  0.526945E-03  0.118524E+01
  0.215500E+02  0.847582E+00  0.518332E-03  0.515920E+00  0.847582E+00  0.689986E+00  0.518332E-03  0.847582E+00  0.518332E-03  0.118297E+01
  0.216000E+02  0.844948E+00  0.509854E-03  0.513591E+00  0.844948E+00  0.687419E+00  0.509854E-03  0.844948E+00  0.509854E-03  0.118071E+01
  0.216500E+02  0.842320E+00  0.501510E-03  0.511273E+00  0.842320E+00  0.684860E+00  0.501510E-03  0.842320E+00  0.501510E-03  0.117845E+01
  0.217000E+02  0.839698E+00  0.493299E-03  0.508965E+00  0.839698E+00  0.682309E+00  0.493299E-03  0.839698E+00  0.493299E-03  0.117619E+01
  0.217500E+02  0.837080E+00  0.485218E-03  0.506668E+00  0.837080E+00  0.679766E+00  0.485218E-03  0.837080E+00  0.485218E-03  0.117393E+01
  0.218000E+02  0.834468E+00  0.477266E-03  0.504381E+00  0.834468E+00  0.677232E+00  0.477266E-03  0.834468E+00  0.477266E-03  0.117168E+01
  0.218500E+02  0.831862E+00  0.469442E-03  0.502105E+00  0.831862E+00  0.674706E+00  0.469442E-03  0.831862E+00  0.469442E-03  0.116943E+01
  0.219000E+02  0.829260E+00  0.461743E-03  0.499840E+00  0.829260E+00  0.672188E+00  0.461743E-03  0.829260E+00  0.461743E-03  0.116718E+01
  0.219500E+02  0.826665E+00  0.454167E-03  0.497584E+00  0.826665E+00  0.669679E+00  0.454167E-03  0.826665E+00  0.454167E-03  0.116493E+01
  0.220000E+02  0.824074E+00  0.446714E-03  0.495340E+00  0.824074E+00  0.667178E+00  0.446714E-03  0.824074E+00  0.446714E-03  0.116269E+01
  0.220500E+02  0.821489E+00  0.439382E-03  0.493106E+00  0.821489E+00  0.664685E+00  0.439382E-03  0.821489E+00  0.439382E-03  0.116045E+01
  0.221000E+02  0.818910E+00  0.432169E-03  0.490882E+00  0.818910E+00  0.662200E+00  0.432169E-03  0.818910E+00  0.432169E-03  0.115821E+01
  0.221500E+02  0.816336E+00  0.425073E-03  0.488668E+00  0.816336E+00  0.659723E+00  0.425073E-03  0.816336E+00  0.425073E-03  0.115597E+01
  0.222000E+02  0.813767E+00  0.418092E-03  0.486465E+00  0.813767E+00  0.657255E+00  0.418092E-03  0.813767E+00  0.418092E-03  0.115374E+01
  0.222500E+02  0.811204E+00  0.411227E-03  0.484272E+00  0.811204E+00  0.654795E+00  0.411227E-03  0.811204E+00  0.411227E-03  0.115151E+01
  0.223000E+02  0.808647E+00  0.404473E-03  0.482089E+00  0.808647E+00  0.652343E+00  0.404473E-03  0.808647E+00  0.404473E-03  0.114928E+01
  0.223500E+02  0.806095E+00  0.397832E-03  0.479917E+00  0.806095E+00  0.649899E+00  0.397832E-03  0.806095E+00  0.397832E-03  0.114705E+01
  0.224000E+02  0.803548E+00  0.391299E-03  0.477754E+00  0.803548E+00  0.647463E+00  0.391299E-03  0.803548E+00  0.391299E-03  0.114483E+01
  0.224500E+02  0.801008E+00  0.384875E-03  0.475602E+00  0.801008E+00  0.645036E+00  0.384875E-03  0.801008E+00  0.384875E-03  0.114260E+01
  0.225000E+02  0.798472E+00  0.378558E-03  0.473460E+00  0.798472E+00  0.642616E+00  0.378558E-03  0.798472E+00  0.378558E-03  0.114038E+01
  0.225500E+02  0.795943E+00  0.372345E-03  0.471328E+00  0.795943E+00  0.640205E+00  0.372345E-03  0.795943E+00  0.372345E-03  0.113817E+01
  0.226000E+02  0.793419E+00  0.366237E-03  0.469206E+00  0.793419E+00  0.637802E+00  0.366237E-03  0.793419E+00  0.366237E-03  0.113595E+01
  0.226500E+02  0.790901E+00  0.360231E-03  0.467094E+00  0.790901E+00  0.635408E+00  0.360231E-03  0.790901E+00  0.360231E-03  0.113374E+01
  0.227000E+02  0.788388E+00  0.354325E-03  0.464991E+00  0.788388E+00  0.633021E+00  0.354325E-03  0.788388E+00  0.354325E-03  0.113153E+01
  0.227500E+02  0.785882E+00  0.348519E-03  0.462899E+00  0.785882E+00  0.630642E+00  0.348519E-03  0.785882E+00  0.348519E-03  0.112932E+01
  0.228000E+02  0.783381E+00  0.342811E-03  0.460817E+00  0.783381E+00  0.628272E+00  0.342811E-03  0.783381E+00  0.342811E-03  0.112712E+01
  0.228500E+02  0.780885E+00  0.337199E-03  0.458744E+00  0.780885E+00  0.625909E+00  0.337199E-03  0.780885E+00  0.337199E-03  0.112491E+01
  0.229000E+02  0.778396E+00  0.331683E-03  0.456681E+00  0.778396E+00  0.623555E+00  0.331683E-03  0.778396E+00  0.331683E-03  0.112271E+01
  0.229500E+02  0.775912E+00  0.326261E-03  0.454628E+00  0.775912E+00  0.621209E+00  0.326261E-03  0.775912E+00  0.326261E-03  0.112052E+01
  0.230000E+02  0.773434E+00  0.320931E-03  0.452585E+00  0.773434E+00  0.618871E+00  0.320931E-03  0.773434E+00  0.320931E-03  0.111832E+01
  0.230500E+02  0.770961E+00  0.315692E-03  0.450552E+00  0.770961E+00  0.616540E+00  0.315692E-03  0.770961E+00  0.315692E-03  0.111613E+01
  0.231000E+02  0.768495E+00  0.310543E-03  0.448528E+00  0.768495E+00  0.614218E+00  0.310543E-03  0.768495E+00  0.310543E-03  0.111394E+01
  0.231500E+02  0.766034E+00  0.305483E-03  0.446513E+00  0.766034E+00  0.611904E+00  0.305483E-03  0.766034E+00  0.305483E-03  0.111175E+01
  0.232000E+02  0.763579E+00  0.300510E-03  0.444509E+00  0.763579E+00  0.609598E+00  0.300510E-03  0.763579E+00  0.300510E-03  0.110956E+01
  0.232500E+02  0.761130E+00  0.295623E-03  0.442514E+00  0.761130E+00  0.607300E+00  0.295623E-03  0.761130E+00  0.295623E-03  0.110738E+01
  0.233000E+02  0.758687E+00  0.290821E-03  0.440528E+00  0.758687E+00  0.605010E+00  0.290821E-03  0.758687E+00  0.290821E-03  0.110520E+01
  0.233500E+02  0.756250E+00  0.286102E-03  0.438552E+00  0.756250E+00  0.602728E+00  0.286102E-03  0.756250E+00  0.286102E-03  0.110302E+01
  0.234000E+02  0.753818E+00  0.281466E-03  0.436585E+00  0.753818E+00  0.600454E+00  0.281466E-03  0.753818E+00  0.281466E-03  0.110085E+01
  0.234500E+02  0.751393E+00  0.276910E-03  0.434628E+00  0.751393E+00  0.598188E+00  0.276910E-03  0.751393E+00  0.276910E-03  0.109867E+01
  0.235000E+02  0.748973E+00  0.272435E-03  0.432679E+00  0.748973E+00  0.595930E+00  0.272435E-03  0.748973E+00  0.272435E-03  0.109650E+01
  0.235500E+02  0.746559E+00  0.268038E-03  0.430741E+00  0.746559E+00  0.593679E+00  0.268038E-03  0.746559E+00  0.268038E-03  0.109433E+01
  0.236000E+02  0.744152E+00  0.263719E-03  0.428811E+00  0.744152E+00  0.591437E+00  0.263719E-03  0.744152E+00  0.263719E-03  0.109217E+01
  0.236500E+02  0.741750E+00  0.259475E-03  0.426891E+00  0.741750E+00  0.589202E+00  0.259475E-03  0.741750E+00  0.259475E-03  0.109001E+01
  0.237000E+02  0.739354E+00  0.255307E-03  0.424980E+00  0.739354E+00  0.586976E+00  0.255307E-03  0.739354E+00  0.255307E-03  0.108784E+01
  0.237500E+02  0.736964E+00  0.251213E-03  0.423078E+00  0.736964E+00  0.584757E+00  0.251213E-03  0.736964E+00  0.251213E-03  0.108569E+01
  0.238000E+02  0.734580E+00  0.247192E-03  0.421185E+00  0.734580E+00  0.582546E+00  0.247192E-03  0.734580E+00  0.247192E-03  0.108353E+01
  0.238500E+02  0.732202E+00  0.243243E-03  0.419302E+00  0.732202E+00  0.580343E+00  0.243243E-03  0.732202E+00  0.243243E-03  0.108138E+01
  0.239000E+02  0.729830E+00  0.239364E-03  0.417427E+00  0.729830E+00  0.578148E+00  0.239364E-03  0.729830E+00  0.239364E-03  0.107923E+01
  0.239500E+02  0.727464E+00  0.235555E-03  0.415562E+00  0.727464E+00  0.575960E+00  0.235555E-03  0.727464E+00  0.235555E-03  0.107708E+01
  0.240000E+02  0.725104E+00  0.231814E-03  0.413705E+00  0.725104E+00  0.573781E+00  0.231814E-03  0.725104E+00  0.231814E-03  0.107494E+01
  0.240500E+02  0.722750E+00  0.228141E-03  0.411857E+00  0.722750E+00  0.571609E+00  0.228141E-03  0.722750E+00  0.228141E-03  0.107279E+01
  0.241000E+02  0.720402E+00  0.224534E-03  0.410018E+00  0.720402E+00  0.569445E+00  0.224534E-03  0.720402E+00  0.224534E-03  0.107065E+01
  0.241500E+02  0.718060E+00  0.220993E-03  0.408188E+00  0.718060E+00  0.567288E+00  0.220993E-03  0.718060E+00  0.220993E-03  0.106852E+01
  0.242000E+02  0.715724E+00  0.217515E-03  0.406367E+00  0.715724E+00  0.565140E+00  0.217515E-03  0.715724E+00  0.217515E-03  0.106638E+01
  0.242500E+02  0.713394E+00  0.214102E-03  0.404555E+00  0.713394E+00  0.562999E+00  0.214102E-03  0.713394E+00  0.214102E-03  0.106425E+01
  0.243000E+02  0.711070E+00  0.210750E-03  0.402751E+00  0.711070E+00  0.560866E+00  0.210750E-03  0.711070E+00  0.210750E-03  0.106212E+01
  0.243500E+02  0.708753E+00  0.207460E-03  0.400956E+00  0.708753E+00  0.558740E+00  0.207460E-03  0.708753E+00  0.207460E-03  0.105999E+01
  0.244000E+02  0.706441E+00  0.204230E-03  0.399170E+00  0.706441E+00  0.556622E+00  0.204230E-03  0.706441E+00  0.204230E-03  0.105787E+01
  0.244500E+02  0.704135E+00  0.201060E-03  0.397392E+00  0.704135E+00  0.554512E+00  0.201060E-03  0.704135E+00  0.201060E-03  0.105575E+01
  0.245000E+02  0.701836E+00  0.197948E-03  0.395623E+00  0.701836E+00  0.552409E+00  0.197948E-03  0.701836E+00  0.197948E-03  0.105363E+01
  0.245500E+02  0.699542E+00  0.194893E-03  0.393863E+00  0.699542E+00  0.550314E+00  0.194893E-03  0.699542E+00  0.194893E-03  0.105151E+01
  0.246000E+02  0.697255E+00  0.191896E-03  0.392110E+00  0.697255E+00  0.548227E+00  0.191896E-03  0.697255E+00  0.191896E-03  0.104940E+01
  0.246500E+02  0.694974E+00  0.188953E-03  0.390367E+00  0.694974E+00  0.546147E+00  0.188953E-03  0.694974E+00  0.188953E-03  0.104729E+01
  0.247000E+02  0.692698E+00  0.186066E-03  0.388632E+00  0.692698E+00  0.544075E+00  0.186066E-03  0.692698E+00  0.186066E-03  0.104518E+01
  0.247500E+02  0.690429E+00  0.183233E-03  0.386905E+00  0.690429E+00  0.542010E+00  0.183233E-03  0.690429E+00  0.183233E-03  0.104307E+01
  0.248000E+02  0.688167E+00  0.180452E-03  0.385186E+00  0.688167E+00  0.539953E+00  0.180452E-03  0.688167E+00  0.180452E-03  0.104097E+01
  0.248500E+02  0.685910E+00  0.177724E-03  0.383476E+00  0.685910E+00  0.537903E+00  0.177724E-03  0.685910E+00  0.177724E-03  0.103887E+01
  0.249000E+02  0.683659E+00  0.175047E-03  0.381774E+00  0.683659E+00  0.535861E+00  0.175047E-03  0.683659E+00  0.175047E-03  0.103677E+01
  0.249500E+02  0.681415E+00  0.172421E-03  0.380081E+00  0.681415E+00  0.533826E+00  0.172421E-03  0.681415E+00  0.172421E-03  0.103468E+01
  0.250000E+02  0.679176E+00  0.169844E-03  0.378395E+00  0.679176E+00  0.531799E+00  0.169844E-03  0.679176E+00  0.169844E-03  0.103258E+01
  0.250500E+02  0.676944E+00  0.167316E-03  0.376718E+00  0.676944E+00  0.529779E+00  0.167316E-03  0.676944E+00  0.167316E-03  0.103049E+01
  0.251000E+02  0.674718E+00  0.164836E-03  0.375049E+00  0.674718E+00  0.527766E+00  0.164836E-03  0.674718E+00  0.164836E-03  0.102841E+01
  0.251500E+02  0.672498E+00  0.162403E-03  0.373387E+00  0.672498E+00  0.525761E+00  0.162403E-03  0.672498E+00  0.162403E-03  0.102632E+01
  0.252000E+02  0.670284E+00  0.160016E-03  0.371734E+00  0.670284E+00  0.523764E+00  0.160016E-03  0.670284E+00  0.160016E-03  0.102424E+01
  0.252500E+02  0.668076E+00  0.157675E-03  0.370089E+00  0.668076E+00  0.521773E+00  0.157675E-03  0.668076E+00  0.157675E-03  0.102216E+01
  0.253000E+02  0.665875E+00  0.155379E-03  0.368452E+00  0.665875E+00  0.519790E+00  0.155379E-03  0.665875E+00  0.155379E-03  0.102009E+01
  0.253500E+02  0.663679E+00  0.153127E-03  0.366823E+00  0.663679E+00  0.517814E+00  0.153127E-03  0.663679E+00  0.153127E-03  0.101801E+01
  0.254000E+02  0.661490E+00  0.150919E-03  0.365201E+00  0.661490E+00  0.515846E+00  0.150919E-03  0.661490E+00  0.150919E-03  0.101594E+01
  0.254500E+02  0.659307E+00  0.148753E-03  0.363588E+00  0.659307E+00  0.513885E+00  0.148753E-03  0.659307E+00  0.148753E-03  0.101388E+01
  0.255000E+02  0.657130E+00  0.146629E-03  0.361982E+00  0.657130E+00  0.511931E+00  0.146629E-03  0.657130E+00  0.146629E-03  0.101181E+01
  0.255500E+02  0.654959E+00  0.144546E-03  0.360384E+00  0.654959E+00  0.509984E+00  0.144546E-03  0.654959E+00  0.144546E-03  0.100975E+01
  0.256000E+02  0.652795E+00  0.142504E-03  0.358794E+00  0.652795E+00  0.508045E+00  0.142504E-03  0.652795E+00  0.142504E-03  0.100769E+01
  0.256500E+02  0.650637E+00  0.140501E-03  0.357211E+00  0.650637E+00  0.506113E+00  0.140501E-03  0.650637E+00  0.140501E-03  0.100563E+01
  0.257000E+02  0.648484E+00  0.138538E-03  0.355637E+00  0.648484E+00  0.504188E+00  0.138538E-03  0.648484E+00  0.138538E-03  0.100358E+01
  0.257500E+02  0.646338E+00  0.136613E-03  0.354069E+00  0.646338E+00  0.502270E+00  0.136613E-03  0.646338E+00  0.136613E-03  0.100153E+01
  0.258000E+02  0.644198E+00  0.134726E-03  0.352510E+00  0.644198E+00  0.500359E+00  0.134726E-03  0.644198E+00  0.134726E-03  0.999483E+00
  0.258500E+02  0.642065E+00  0.132876E-03  0.350957E+00  0.642065E+00  0.498456E+00  0.132876E-03  0.642065E+00  0.132876E-03  0.997437E+00
  0.259000E+02  0.639937E+00  0.131062E-03  0.349413E+00  0.639937E+00  0.496559E+00  0.131062E-03  0.639937E+00  0.131062E-03  0.995395E+00
  0.259500E+02  0.637816E+00  0.129284E-03  0.347876E+00  0.637816E+00  0.494670E+00  0.129284E-03  0.637816E+00  0.129284E-03  0.993356E+00
  0.260000E+02  0.635701E+00  0.127542E-03  0.346346E+00  0.635701E+00  0.492787E+00  0.127542E-03  0.635701E+00  0.127542E-03  0.991319E+00
  0.260500E+02  0.633592E+00  0.125834E-03  0.344823E+00  0.633592E+00  0.490912E+00  0.125834E-03  0.633592E+00  0.125834E-03  0.989285E+00
  0.261000E+02  0.631489E+00  0.124160E-03  0.343308E+00  0.631489E+00  0.489044E+00  0.124160E-03  0.631489E+00  0.124160E-03  0.987254E+00
  0.261500E+02  0.629392E+00  0.122519E-03  0.341801E+00  0.629392E+00  0.487182E+00  0.122519E-03  0.629392E+00  0.122519E-03  0.985226E+00
  0.262000E+02  0.627302E+00  0.120911E-03  0.340300E+00  0.627302E+00  0.485328E+00  0.120911E-03  0.627302E+00  0.120911E-03  0.983201E+00
  0.262500E+02  0.625217E+00  0.119335E-03  0.338807E+00  0.625217E+00  0.483481E+00  0.119335E-03  0.625217E+00  0.119335E-03  0.981178E+00
  0.263000E+02  0.623139E+00  0.117791E-03  0.337321E+00  0.623139E+00  0.481640E+00  0.117791E-03  0.623139E+00  0.117791E-03  0.979159E+00
  0.263500E+02  0.621067E+00  0.116278E-03  0.335842E+00  0.621067E+00  0.479807E+00  0.116278E-03  0.621067E+00  0.116278E-03  0.977142E+00
  0.264000E+02  0.619001E+00  0.114795E-03  0.334371E+00  0.619001E+00  0.477980E+00  0.114795E-03  0.619001E+00  0.114795E-03  0.975128E+00
  0.264500E+02  0.616941E+00  0.113343E-03  0.332906E+00  0.616941E+00  0.476160E+00  0.113343E-03  0.616941E+00  0.113343E-03  0.973117E+00
  0.265000E+02  0.614888E+00  0.111920E-03  0.331448E+00  0.614888E+00  0.474347E+00  0.111920E-03  0.614888E+00  0.111920E-03  0.971109E+00
  0.265500E+02  0.612840E+00  0.110525E-03  0.329998E+00  0.612840E+00  0.472541E+00  0.110525E-03  0.612840E+00  0.110525E-03  0.969104E+00
  0.266000E+02  0.610799E+00  0.109159E-03  0.328554E+00  0.610799E+00  0.470742E+00  0.109159E-03  0.610799E+00  0.109159E-03  0.967101E+00
  0.266500E+02  0.608764E+00  0.107821E-03  0.327118E+00  0.608764E+00  0.468950E+00  0.107821E-03  0.608764E+00  0.107821E-03  0.965102E+00
  0.267000E+02  0.606735E+00  0.106510E-03  0.325688E+00  0.606735E+00  0.467164E+00  0.106510E-03  0.606735E+00  0.106510E-03  0.963105E+00
  0.267500E+02  0.604712E+00  0.105227E-03  0.324265E+00  0.604712E+00  0.465385E+00  0.105227E-03  0.604712E+00  0.105227E-03  0.961111E+00
  0.268000E+02  0.602696E+00  0.103969E-03  0.322849E+00  0.602696E+00  0.463613E+00  0.103969E-03  0.602696E+00  0.103969E-03  0.959121E+00
  0.268500E+02  0.600685E+00  0.102737E-03  0.321440E+00  0.600685E+00  0.461847E+00  0.102737E-03  0.600685E+00  0.102737E-03  0.957133E+00
  0.269000E+02  0.598681E+00  0.101531E-03  0.320038E+00  0.598681E+00  0.460088E+00  0.101531E-03  0.598681E+00  0.101531E-03  0.955148E+00
  0.269500E+02  0.596683E+00  0.100349E-03  0.318642E+00  0.596683E+00  0.458336E+00  0.100349E-03  0.596683E+00  0.100349E-03  0.953166E+00
  0.270000E+02  0.594691E+00  0.991924E-04  0.317253E+00  0.594691E+00  0.456591E+00  0.991924E-04  0.594691E+00  0.991924E-04  0.951187E+00
  0.270500E+02  0.592704E+00  0.980594E-04  0.315871E+00  0.592704E+00  0.454852E+00  0.980594E-04  0.592704E+00  0.980594E-04  0.949210E+00
  0.271000E+02  0.590725E+00  0.969500E-04  0.314495E+00  0.590725E+00  0.453120E+00  0.969500E-04  0.590725E+00  0.969500E-04  0.947237E+00
  0.271500E+02  0.588751E+00  0.958636E-04  0.313126E+00  0.588751E+00  0.451394E+00  0.958636E-04  0.588751E+00  0.958636E-04  0.945266E+00
  0.272000E+02  0.586783E+00  0.947999E-04  0.311764E+00  0.586783E+00  0.449675E+00  0.947999E-04  0.586783E+00  0.947999E-04  0.943299E+00
  0.272500E+02  0.584822E+00  0.937585E-04  0.310408E+00  0.584822E+00  0.447962E+00  0.937585E-04  0.584822E+00  0.937585E-04  0.941334E+00
  0.273000E+02  0.582866E+00  0.927389E-04  0.309059E+00  0.582866E+00  0.446256E+00  0.927389E-04  0.582866E+00  0.927389E-04  0.939373E+00
  0.273500E+02  0.580917E+00  0.917408E-04  0.307716E+00  0.580917E+00  0.444557E+00  0.917408E-04  0.580917E+00  0.917408E-04  0.937414E+00
  0.274000E+02  0.578974E+00  0.907637E-04  0.306379E+00  0.578974E+00  0.442864E+00  0.907637E-04  0.578974E+00  0.907637E-04  0.935458E+00
  0.274500E+02  0.577036E+00  0.898071E-04  0.305049E+00  0.577036E+00  0.441177E+00  0.898071E-04  0.577036E+00  0.898071E-04  0.933505E+00
  0.275000E+02  0.575105E+00  0.888708E-04  0.303725E+00  0.575105E+00  0.439497E+00  0.888708E-04  0.575105E+00  0.888708E-04  0.931556E+00
  0.275500E+02  0.573180E+00  0.879543E-04  0.302407E+00  0.573180E+00  0.437823E+00  0.879543E-04  0.573180E+00  0.879543E-04  0.929609E+00
  0.276000E+02  0.571261E+00  0.870573E-04  0.301096E+00  0.571261E+00  0.436155E+00  0.870573E-04  0.571261E+00  0.870573E-04  0.927665E+00
  0.276500E+02  0.569348E+00  0.861794E-04  0.299791E+00  0.569348E+00  0.434494E+00  0.861794E-04  0.569348E+00  0.861794E-04  0.925723E+00
  0.277000E+02  0.567441E+00  0.853202E-04  0.298493E+00  0.567441E+00  0.432840E+00  0.853202E-04  0.567441E+00  0.853202E-04  0.923785E+00
  0.277500E+02  0.565540E+00  0.844794E-04  0.297200E+00  0.565540E+00  0.431191E+00  0.844794E-04  0.565540E+00  0.844794E-04  0.921850E+00
  0.278000E+02  0.563646E+00  0.836565E-04  0.295914E+00  0.563646E+00  0.429549E+00  0.836565E-04  0.563646E+00  0.836565E-04  0.919918E+00
  0.278500E+02  0.561757E+00  0.828513E-04  0.294633E+00  0.561757E+00  0.427913E+00  0.828513E-04  0.561757E+00  0.828513E-04  0.917989E+00
  0.279000E+02  0.559874E+00  0.820635E-04  0.293359E+00  0.559874E+00  0.426284E+00  0.820635E-04  0.559874E+00  0.820635E-04  0.916062E+00
  0.279500E+02  0.557997E+00  0.812925E-04  0.292091E+00  0.557997E+00  0.424661E+00  0.812925E-04  0.557997E+00  0.812925E-04  0.914139E+00
  0.280000E+02  0.556127E+00  0.805383E-04  0.290829E+00  0.556127E+00  0.423044E+00  0.805383E-04  0.556127E+00  0.805383E-04  0.912219E+00
  0.280500E+02  0.554262E+00  0.798003E-04  0.289573E+00  0.554262E+00  0.421433E+00  0.798003E-04  0.554262E+00  0.798003E-04  0.910301E+00
  0.281000E+02  0.552403E+00  0.790784E-04  0.288323E+00  0.552403E+00  0.419828E+00  0.790784E-04  0.552403E+00  0.790784E-04  0.908387E+00
  0.281500E+02  0.550551E+00  0.783721E-04  0.287079E+00  0.550551E+00  0.418230E+00  0.783721E-04  0.550551E+00  0.783721E-04  0.906475E+00
  0.282000E+02  0.548704E+00  0.776812E-04  0.285840E+00  0.548704E+00  0.416637E+00  0.776812E-04  0.548704E+00  0.776812E-04  0.904567E+00
  0.282500E+02  0.546863E+00  0.770054E-04  0.284608E+00  0.546863E+00  0.415051E+00  0.770054E-04  0.546863E+00  0.770054E-04  0.902661E+00
  0.283000E+02  0.545028E+00  0.763443E-04  0.283381E+00  0.545028E+00  0.413471E+00  0.763443E-04  0.545028E+00  0.763443E-04  0.900759E+00
  0.283500E+02  0.543199E+00  0.756977E-04  0.282161E+00  0.543199E+00  0.411897E+00  0.756977E-04  0.543199E+00  0.756977E-04  0.898859E+00
  0.284000E+02  0.541377E+00  0.750653E-04  0.280946E+00  0.541377E+00  0.410329E+00  0.750653E-04  0.541377E+00  0.750653E-04  0.896963E+00
  0.284500E+02  0.539560E+00  0.744468E-04  0.279736E+00  0.539560E+00  0.408767E+00  0.744468E-04  0.539560E+00  0.744468E-04  0.895069E+00
  0.285000E+02  0.537749E+00  0.738420E-04  0.278533E+00  0.537749E+00  0.407211E+00  0.738420E-04  0.537749E+00  0.738420E-04  0.893178E+00
  0.285500E+02  0.535943E+00  0.732504E-04  0.277335E+00  0.535943E+00  0.405661E+00  0.732504E-04  0.535943E+00  0.732504E-04  0.891291E+00
  0.286000E+02  0.534144E+00  0.726720E-04  0.276143E+00  0.534144E+00  0.404117E+00  0.726720E-04  0.534144E+00  0.726720E-04  0.889406E+00
  0.286500E+02  0.532351E+00  0.721064E-04  0.274956E+00  0.532351E+00  0.402579E+00  0.721064E-04  0.532351E+00  0.721064E-04  0.887524E+00
  0.287000E+02  0.530563E+00  0.715534E-04  0.273775E+00  0.530563E+00  0.401047E+00  0.715534E-04  0.530563E+00  0.715534E-04  0.885645E+00
  0.287500E+02  0.528782E+00  0.710126E-04  0.272600E+00  0.528782E+00  0.399520E+00  0.710126E-04  0.528782E+00  0.710126E-04  0.883770E+00
  0.288000E+02  0.527006E+00  0.704839E-04  0.271430E+00  0.527006E+00  0.398000E+00  0.704839E-04  0.527006E+00  0.704839E-04  0.881897E+00
  0.288500E+02  0.525237E+00  0.699671E-04  0.270265E+00  0.525237E+00  0.396485E+00  0.699671E-04  0.525237E+00  0.699671E-04  0.880027E+00
  0.289000E+02  0.523473E+00  0.694618E-04  0.269107E+00  0.523473E+00  0.394977E+00  0.694618E-04  0.523473E+00  0.694618E-04  0.878160E+00
  0.289500E+02  0.521715E+00  0.689678E-04  0.267953E+00  0.521715E+00  0.393474E+00  0.689678E-04  0.521715E+00  0.689678E-04  0.876296E+00
  0.290000E+02  0.519962E+00  0.684850E-04  0.266805E+00  0.519962E+00  0.391977E+00  0.684850E-04  0.519962E+00  0.684850E-04  0.874436E+00
  0.290500E+02  0.518216E+00  0.680130E-04  0.265662E+00  0.518216E+00  0.390486E+00  0.680130E-04  0.518216E+00  0.680130E-04  0.872578E+00
  0.291000E+02  0.516475E+00  0.675516E-04  0.264525E+00  0.516475E+00  0.389000E+00  0.675516E-04  0.516475E+00  0.675516E-04  0.870723E+00
  0.291500E+02  0.514741E+00  0.671007E-04  0.263393E+00  0.514741E+00  0.387520E+00  0.671007E-04  0.514741E+00  0.671007E-04  0.868871E+00
  0.292000E+02  0.513012E+00  0.666600E-04  0.262266E+00  0.513012E+00  0.386046E+00  0.666600E-04  0.513012E+00  0.666600E-04  0.867022E+00
  0.292500E+02  0.511289E+00  0.662293E-04  0.261145E+00  0.511289E+00  0.384578E+00  0.662293E-04  0.511289E+00  0.662293E-04  0.865176E+00
  0.293000E+02  0.509571E+00  0.658084E-04  0.260029E+00  0.509571E+00  0.383115E+00  0.658084E-04  0.509571E+00  0.658084E-04  0.863333E+00
  0.293500E+02  0.507860E+00  0.653971E-04  0.258918E+00  0.507860E+00  0.381658E+00  0.653971E-04  0.507860E+00  0.653971E-04  0.861493E+00
  0.294000E+02  0.506154E+00  0.649952E-04  0.257812E+00  0.506154E+00  0.380207E+00  0.649952E-04  0.506154E+00  0.649952E-04  0.859656E+00
  0.294500E+02  0.504453E+00  0.646025E-04  0.256711E+00  0.504453E+00  0.378761E+00  0.646025E-04  0.504453E+00  0.646025E-04  0.857822E+00
  0.295000E+02  0.502759E+00  0.642187E-04  0.255616E+00  0.502759E+00  0.377321E+00  0.642187E-04  0.502759E+00  0.642187E-04  0.855991E+00
  0.295500E+02  0.501070E+00  0.638438E-04  0.254526E+00  0.501070E+00  0.375887E+00  0.638438E-04  0.501070E+00  0.638438E-04  0.854163E+00
  0.296000E+02  0.499387E+00  0.634775E-04  0.253440E+00  0.499387E+00  0.374458E+00  0.634775E-04  0.499387E+00  0.634775E-04  0.852338E+00
  0.296500E+02  0.497710E+00  0.631197E-04  0.252360E+00  0.497710E+00  0.373034E+00  0.631197E-04  0.497710E+00  0.631197E-04  0.850516E+00
  0.297000E+02  0.496039E+00  0.627701E-04  0.251285E+00  0.496039E+00  0.371616E+00  0.627701E-04  0.496039E+00  0.627701E-04  0.848697E+00
  0.297500E+02  0.494373E+00  0.624286E-04  0.250215E+00  0.494373E+00  0.370204E+00  0.624286E-04  0.494373E+00  0.624286E-04  0.846881E+00
  0.298000E+02  0.492712E+00  0.620950E-04  0.249149E+00  0.492712E+00  0.368797E+00  0.620950E-04  0.492712E+00  0.620950E-04  0.845068E+00
  0.298500E+02  0.491058E+00  0.617692E-04  0.248089E+00  0.491058E+00  0.367395E+00  0.617692E-04  0.491058E+00  0.617692E-04  0.843258E+00
  0.299000E+02  0.489409E+00  0.614509E-04  0.247034E+00  0.489409E+00  0.365999E+00  0.614509E-04  0.489409E+00  0.614509E-04  0.841450E+00
  0.299500E+02  0.487766E+00  0.611401E-04  0.245983E+00  0.487766E+00  0.364609E+00  0.611401E-04  0.487766E+00  0.611401E-04  0.839646E+00
