  0.00000E+00  0.64998E-01 -0.00000E+00 -0.52044E-01 -0.00000E+00  0.40007E-01 -0.00000E+00  0.40837E+00 -0.00000E+00
  0.50000E-01  0.58252E-01 -0.00000E+00 -0.51926E-01 -0.00000E+00  0.35659E-01 -0.00000E+00  0.38338E+00 -0.00000E+00
  0.10000E+00  0.39673E-01 -0.00000E+00 -0.51101E-01 -0.00000E+00  0.23809E-01 -0.00000E+00  0.31336E+00 -0.00000E+00
  0.15000E+00  0.13863E-01 -0.00000E+00 -0.48298E-01 -0.00000E+00  0.77499E-02 -0.00000E+00  0.21213E+00 -0.00000E+00
  0.20000E+00 -0.12647E-01 -0.00000E+00 -0.41793E-01 -0.00000E+00 -0.79033E-02 -0.00000E+00  0.99541E-01 -0.00000E+00
  0.25000E+00 -0.32845E-01 -0.00000E+00 -0.29954E-01 -0.00000E+00 -0.18323E-01 -0.00000E+00 -0.24877E-02 -0.00000E+00
  0.30000E+00 -0.40741E-01 -0.00000E+00 -0.11695E-01 -0.00000E+00 -0.19589E-01 -0.00000E+00 -0.74361E-01 -0.00000E+00
  0.35000E+00 -0.32680E-01 -0.00000E+00  0.13048E-01 -0.00000E+00 -0.96350E-02 -0.00000E+00 -0.10251E+00 -0.00000E+00
  0.40000E+00 -0.79966E-02 -0.00000E+00  0.43205E-01 -0.00000E+00  0.11321E-01 -0.00000E+00 -0.81584E-01 -0.00000E+00
  0.45000E+00  0.30846E-01 -0.00000E+00  0.76591E-01 -0.00000E+00  0.40784E-01 -0.00000E+00 -0.15167E-01 -0.00000E+00
  0.50000E+00  0.78908E-01 -0.00000E+00  0.11027E+00 -0.00000E+00  0.74570E-01 -0.00000E+00  0.85622E-01 -0.00000E+00
  0.55000E+00  0.12986E+00  0.24346E+00  0.14107E+00  0.25139E+00  0.10772E+00  0.18319E+00  0.20477E+00 -0.00000E+00
  0.60000E+00  0.17731E+00  0.24362E+00  0.16613E+00  0.24276E+00  0.13553E+00  0.17519E+00  0.32475E+00 -0.00000E+00
  0.65000E+00  0.21601E+00  0.24219E+00  0.18341E+00  0.22050E+00  0.15450E+00  0.16260E+00  0.42987E+00 -0.00000E+00
  0.70000E+00  0.24277E+00  0.24059E+00  0.19202E+00  0.20605E+00  0.16287E+00  0.15115E+00  0.50887E+00  0.58280E+00
  0.75000E+00  0.25679E+00  0.23982E+00  0.19233E+00  0.18675E+00  0.16090E+00  0.13997E+00  0.55629E+00  0.56957E+00
  0.80000E+00  0.25951E+00  0.23851E+00  0.18579E+00  0.18378E+00  0.15051E+00  0.13434E+00  0.57245E+00  0.56005E+00
  0.85000E+00  0.25392E+00  0.23652E+00  0.17459E+00  0.16483E+00  0.13474E+00  0.12156E+00  0.56231E+00  0.55201E+00
  0.90000E+00  0.24373E+00  0.23473E+00  0.16122E+00  0.16105E+00  0.11702E+00  0.11619E+00  0.53364E+00  0.54636E+00
  0.95000E+00  0.23241E+00  0.23134E+00  0.14798E+00  0.15377E+00  0.10040E+00  0.10918E+00  0.49480E+00  0.54246E+00
  0.10000E+01  0.22248E+00  0.22773E+00  0.13664E+00  0.14241E+00  0.87009E-01  0.10156E+00  0.45303E+00  0.53887E+00
  0.10500E+01  0.21505E+00  0.22313E+00  0.12819E+00  0.13529E+00  0.77822E-01  0.93614E-01  0.41324E+00  0.53487E+00
  0.11000E+01  0.20991E+00  0.21675E+00  0.12283E+00  0.13188E+00  0.72683E-01  0.88467E-01  0.37776E+00  0.52964E+00
  0.11500E+01  0.20575E+00  0.20761E+00  0.12011E+00  0.12571E+00  0.70575E-01  0.82620E-01  0.34671E+00  0.52169E+00
  0.12000E+01  0.20066E+00  0.19839E+00  0.11918E+00  0.12293E+00  0.70035E-01  0.75741E-01  0.31883E+00  0.51132E+00
  0.12500E+01  0.19271E+00  0.18644E+00  0.11906E+00  0.12295E+00  0.69563E-01  0.72808E-01  0.29250E+00  0.49833E+00
  0.13000E+01  0.18033E+00  0.17297E+00  0.11887E+00  0.12430E+00  0.67944E-01  0.66080E-01  0.26658E+00  0.48194E+00
  0.13500E+01  0.16262E+00  0.15590E+00  0.11806E+00  0.12085E+00  0.64428E-01  0.60404E-01  0.24083E+00  0.46152E+00
  0.14000E+01  0.13928E+00  0.13594E+00  0.11640E+00  0.12143E+00  0.58728E-01  0.52351E-01  0.21593E+00  0.43599E+00
  0.14500E+01  0.11060E+00  0.11136E+00  0.11401E+00  0.11985E+00  0.50928E-01  0.44510E-01  0.19313E+00  0.40431E+00
  0.15000E+01  0.77152E-01  0.84121E-01  0.11117E+00  0.12239E+00  0.41311E-01  0.36454E-01  0.17371E+00  0.36683E+00
  0.15500E+01  0.39635E-01  0.51519E-01  0.10827E+00  0.12483E+00  0.30215E-01  0.29410E-01  0.15849E+00  0.32301E+00
  0.16000E+01 -0.12205E-02  0.14843E-01  0.10563E+00  0.12627E+00  0.17940E-01  0.19481E-01  0.14750E+00  0.27241E+00
  0.16500E+01 -0.44647E-01 -0.26767E-01  0.10341E+00  0.12634E+00  0.47376E-02  0.70523E-02  0.13995E+00  0.21670E+00
  0.17000E+01 -0.89714E-01 -0.72890E-01  0.10165E+00  0.12860E+00 -0.91348E-02 -0.62837E-02  0.13447E+00  0.15639E+00
  0.17500E+01 -0.13518E+00 -0.12166E+00  0.10022E+00  0.13035E+00 -0.23335E-01 -0.20435E-01  0.12954E+00  0.92778E-01
  0.18000E+01 -0.17939E+00 -0.17139E+00  0.98966E-01  0.13253E+00 -0.37371E-01 -0.31881E-01  0.12390E+00  0.29522E-01
  0.18500E+01 -0.22030E+00 -0.22022E+00  0.97710E-01  0.13377E+00 -0.50594E-01 -0.46154E-01  0.11692E+00 -0.30423E-01
  0.19000E+01 -0.25559E+00 -0.26351E+00  0.96344E-01  0.13486E+00 -0.62244E-01 -0.58684E-01  0.10869E+00 -0.83141E-01
  0.19500E+01 -0.28303E+00 -0.29869E+00  0.94839E-01  0.13723E+00 -0.71571E-01 -0.68843E-01  0.99960E-01 -0.12522E+00
  0.20000E+01 -0.30080E+00 -0.32166E+00  0.93241E-01  0.13540E+00 -0.77968E-01 -0.76377E-01  0.91845E-01 -0.15449E+00
  0.20500E+01 -0.30783E+00 -0.33322E+00  0.91637E-01  0.13469E+00 -0.81101E-01 -0.82628E-01  0.85441E-01 -0.16999E+00
  0.21000E+01 -0.30402E+00 -0.32950E+00  0.90099E-01  0.13290E+00 -0.80973E-01 -0.82687E-01  0.81507E-01 -0.17295E+00
  0.21500E+01 -0.29034E+00 -0.31570E+00  0.88658E-01  0.13127E+00 -0.77941E-01 -0.80983E-01  0.80240E-01 -0.16539E+00
  0.22000E+01 -0.26870E+00 -0.29166E+00  0.87273E-01  0.12907E+00 -0.72655E-01 -0.75678E-01  0.81240E-01 -0.15035E+00
  0.22500E+01 -0.24152E+00 -0.26033E+00  0.85833E-01  0.12675E+00 -0.65914E-01 -0.69564E-01  0.83646E-01 -0.13002E+00
  0.23000E+01 -0.21143E+00 -0.22573E+00  0.84182E-01  0.12591E+00 -0.58532E-01 -0.59991E-01  0.86379E-01 -0.10798E+00
  0.23500E+01 -0.18077E+00 -0.19075E+00  0.82156E-01  0.12100E+00 -0.51200E-01 -0.50932E-01  0.88428E-01 -0.86702E-01
  0.24000E+01 -0.15131E+00 -0.15708E+00  0.79619E-01  0.11758E+00 -0.44392E-01 -0.42944E-01  0.89085E-01 -0.67407E-01
  0.24500E+01 -0.12406E+00 -0.12441E+00  0.76496E-01  0.11479E+00 -0.38328E-01 -0.35565E-01  0.88073E-01 -0.52815E-01
  0.25000E+01 -0.99277E-01 -0.95022E-01  0.72778E-01  0.10693E+00 -0.32990E-01 -0.28091E-01  0.85536E-01 -0.42291E-01
  0.25500E+01 -0.76663E-01 -0.69745E-01  0.68523E-01  0.97471E-01 -0.28196E-01 -0.24392E-01  0.81931E-01 -0.35358E-01
  0.26000E+01 -0.55652E-01 -0.46258E-01  0.63838E-01  0.85052E-01 -0.23685E-01 -0.18064E-01  0.77850E-01 -0.32827E-01
  0.26500E+01 -0.35704E-01 -0.26320E-01  0.58848E-01  0.77497E-01 -0.19202E-01 -0.15243E-01  0.73827E-01 -0.34091E-01
  0.27000E+01 -0.16544E-01 -0.89557E-02  0.53677E-01  0.65802E-01 -0.14569E-01 -0.98965E-02  0.70215E-01 -0.38589E-01
  0.27500E+01  0.17205E-02  0.64736E-02  0.48430E-01  0.54161E-01 -0.97160E-02 -0.73270E-02  0.67123E-01 -0.43242E-01
  0.28000E+01  0.18625E-01  0.21048E-01  0.43189E-01  0.38990E-01 -0.46843E-02 -0.54107E-02  0.64448E-01 -0.47851E-01
  0.28500E+01  0.33499E-01  0.34333E-01  0.38019E-01  0.23154E-01  0.39589E-03 -0.17139E-02  0.61963E-01 -0.51536E-01
  0.29000E+01  0.45668E-01  0.45227E-01  0.32978E-01  0.72143E-02  0.53456E-02  0.26678E-02  0.59425E-01 -0.52477E-01
  0.29500E+01  0.54691E-01  0.55928E-01  0.28128E-01 -0.57140E-02  0.99768E-02  0.10340E-02  0.56672E-01 -0.49798E-01
  0.30000E+01  0.60495E-01  0.64170E-01  0.23544E-01 -0.23019E-01  0.14128E-01  0.13798E-02  0.53669E-01 -0.41183E-01
  0.30500E+01  0.63446E-01  0.69716E-01  0.19312E-01 -0.39052E-01  0.17687E-01  0.88762E-03  0.50510E-01 -0.27774E-01
  0.31000E+01  0.64275E-01  0.74580E-01  0.15520E-01 -0.46827E-01  0.20606E-01  0.66362E-02  0.47370E-01 -0.93879E-02
  0.31500E+01  0.63926E-01  0.78227E-01  0.12244E-01 -0.53787E-01  0.22899E-01  0.10386E-01  0.44432E-01  0.13527E-01
  0.32000E+01  0.63350E-01  0.81161E-01  0.95317E-02 -0.54294E-01  0.24638E-01  0.16069E-01  0.41823E-01  0.38456E-01
  0.32500E+01  0.63309E-01  0.81361E-01  0.73918E-02 -0.51400E-01  0.25935E-01  0.21306E-01  0.39576E-01  0.63549E-01
  0.33000E+01  0.64235E-01  0.81309E-01  0.57884E-02 -0.47430E-01  0.26929E-01  0.24787E-01  0.37623E-01  0.87333E-01
  0.33500E+01  0.66178E-01  0.79355E-01  0.46448E-02 -0.42651E-01  0.27761E-01  0.28705E-01  0.35833E-01  0.10918E+00
  0.34000E+01  0.68847E-01  0.77348E-01  0.38541E-02 -0.35889E-01  0.28554E-01  0.32726E-01  0.34056E-01  0.12876E+00
  0.34500E+01  0.71728E-01  0.74308E-01  0.32983E-02 -0.28718E-01  0.29388E-01  0.35075E-01  0.32177E-01  0.14508E+00
  0.35000E+01  0.74245E-01  0.71749E-01  0.28635E-02 -0.20956E-01  0.30289E-01  0.35299E-01  0.30156E-01  0.15641E+00
  0.35500E+01  0.75906E-01  0.67819E-01  0.24579E-02 -0.14059E-01  0.31217E-01  0.37768E-01  0.28030E-01  0.16462E+00
  0.36000E+01  0.76428E-01  0.66019E-01  0.20198E-02 -0.87517E-02  0.32073E-01  0.37571E-01  0.25899E-01  0.16967E+00
  0.36500E+01  0.75778E-01  0.62743E-01  0.15213E-02 -0.14585E-02  0.32720E-01  0.36338E-01  0.23886E-01  0.17046E+00
  0.37000E+01  0.74157E-01  0.59497E-01  0.96406E-03  0.12713E-02  0.33005E-01  0.35104E-01  0.22099E-01  0.16928E+00
  0.37500E+01  0.71928E-01  0.56826E-01  0.37072E-03  0.42704E-02  0.32794E-01  0.35761E-01  0.20598E-01  0.16579E+00
  0.38000E+01  0.69513E-01  0.54459E-01 -0.22644E-03  0.76286E-02  0.32005E-01  0.34702E-01  0.19378E-01  0.15977E+00
  0.38500E+01  0.67292E-01  0.53406E-01 -0.79622E-03  0.99355E-02  0.30625E-01  0.32176E-01  0.18383E-01  0.15099E+00
  0.39000E+01  0.65532E-01  0.52362E-01 -0.13172E-02  0.92776E-02  0.28721E-01  0.29116E-01  0.17525E-01  0.14054E+00
  0.39500E+01  0.64352E-01  0.51597E-01 -0.17814E-02  0.12519E-01  0.26424E-01  0.27209E-01  0.16719E-01  0.12986E+00
  0.40000E+01  0.63737E-01  0.52235E-01 -0.21960E-02  0.10431E-01  0.23914E-01  0.24683E-01  0.15910E-01  0.11864E+00
  0.40500E+01  0.63578E-01  0.52771E-01 -0.25791E-02  0.11692E-01  0.21379E-01  0.22925E-01  0.15089E-01  0.10719E+00
  0.41000E+01  0.63731E-01  0.52381E-01 -0.29557E-02  0.91348E-02  0.18989E-01  0.21980E-01  0.14288E-01  0.95164E-01
  0.41500E+01  0.64074E-01  0.53625E-01 -0.33511E-02  0.60472E-02  0.16872E-01  0.19919E-01  0.13570E-01  0.81491E-01
  0.42000E+01  0.64537E-01  0.55898E-01 -0.37861E-02  0.18486E-02  0.15097E-01  0.17888E-01  0.12999E-01  0.69875E-01
  0.42500E+01  0.65118E-01  0.57504E-01 -0.42730E-02  0.12662E-02  0.13678E-01  0.16792E-01  0.12618E-01  0.60571E-01
  0.43000E+01  0.65861E-01  0.60046E-01 -0.48139E-02 -0.44124E-02  0.12585E-01  0.13491E-01  0.12433E-01  0.49625E-01
  0.43500E+01  0.66830E-01  0.63018E-01 -0.54011E-02 -0.60372E-02  0.11765E-01  0.14086E-01  0.12410E-01  0.39573E-01
  0.44000E+01  0.68067E-01  0.64846E-01 -0.60189E-02 -0.11003E-01  0.11159E-01  0.12643E-01  0.12483E-01  0.30325E-01
  0.44500E+01  0.69564E-01  0.68301E-01 -0.66466E-02 -0.17005E-01  0.10721E-01  0.12166E-01  0.12573E-01  0.21253E-01
  0.45000E+01  0.71253E-01  0.70888E-01 -0.72625E-02 -0.17530E-01  0.10420E-01  0.11705E-01  0.12606E-01  0.13700E-01
  0.45500E+01  0.73004E-01  0.72668E-01 -0.78464E-02 -0.24090E-01  0.10243E-01  0.86956E-02  0.12535E-01  0.71745E-02
  0.46000E+01  0.74649E-01  0.74498E-01 -0.83830E-02 -0.30496E-01  0.10183E-01  0.80361E-02  0.12344E-01  0.97478E-03
  0.46500E+01  0.76010E-01  0.76149E-01 -0.88626E-02 -0.35330E-01  0.10229E-01  0.96711E-02  0.12051E-01 -0.51615E-02
  0.47000E+01  0.76933E-01  0.78311E-01 -0.92820E-02 -0.40387E-01  0.10361E-01  0.79580E-02  0.11693E-01 -0.10220E-01
  0.47500E+01  0.77307E-01  0.81220E-01 -0.96435E-02 -0.44396E-01  0.10540E-01  0.54017E-02  0.11316E-01 -0.14699E-01
  0.48000E+01  0.77079E-01  0.82803E-01 -0.99529E-02 -0.49121E-01  0.10718E-01  0.79496E-02  0.10958E-01 -0.17749E-01
  0.48500E+01  0.76254E-01  0.82716E-01 -0.10218E-01 -0.53330E-01  0.10839E-01  0.71446E-02  0.10641E-01 -0.20934E-01
  0.49000E+01  0.74883E-01  0.82774E-01 -0.10447E-01 -0.57166E-01  0.10853E-01  0.75491E-02  0.10365E-01 -0.23271E-01
  0.49500E+01  0.73048E-01  0.82613E-01 -0.10645E-01 -0.61359E-01  0.10728E-01  0.72490E-02  0.10114E-01 -0.23824E-01
  0.50000E+01  0.70846E-01  0.82132E-01 -0.10816E-01 -0.64957E-01  0.10450E-01  0.59547E-02  0.98626E-02 -0.25839E-01
  0.50500E+01  0.68366E-01  0.80956E-01 -0.10961E-01 -0.71949E-01  0.10030E-01  0.68984E-02  0.95865E-02 -0.26965E-01
  0.51000E+01  0.65689E-01  0.79167E-01 -0.11079E-01 -0.72087E-01  0.94978E-02  0.84967E-02  0.92684E-02 -0.27019E-01
  0.51500E+01  0.62875E-01  0.78515E-01 -0.11170E-01 -0.75425E-01  0.88898E-02  0.62189E-02  0.89036E-02 -0.27118E-01
  0.52000E+01  0.59971E-01  0.77316E-01 -0.11231E-01 -0.77453E-01  0.82449E-02  0.73874E-02  0.84991E-02 -0.26448E-01
  0.52500E+01  0.57009E-01  0.73720E-01 -0.11262E-01 -0.79775E-01  0.75936E-02  0.49326E-02  0.80691E-02 -0.24495E-01
  0.53000E+01  0.54014E-01  0.70105E-01 -0.11263E-01 -0.80843E-01  0.69536E-02  0.65352E-02  0.76289E-02 -0.22883E-01
  0.53500E+01  0.51009E-01  0.67513E-01 -0.11237E-01 -0.83578E-01  0.63292E-02  0.55727E-02  0.71891E-02 -0.21023E-01
  0.54000E+01  0.48012E-01  0.64452E-01 -0.11187E-01 -0.81827E-01  0.57139E-02  0.50931E-02  0.67521E-02 -0.16316E-01
  0.54500E+01  0.45041E-01  0.61232E-01 -0.11115E-01 -0.78501E-01  0.50954E-02  0.47807E-02  0.63110E-02 -0.12503E-01
  0.55000E+01  0.42111E-01  0.58409E-01 -0.11025E-01 -0.75618E-01  0.44612E-02  0.43555E-02  0.58529E-02 -0.10953E-01
  0.55500E+01  0.39236E-01  0.53779E-01 -0.10917E-01 -0.71777E-01  0.38021E-02  0.57147E-02  0.53623E-02 -0.53470E-02
  0.56000E+01  0.36426E-01  0.48515E-01 -0.10793E-01 -0.68408E-01  0.31144E-02  0.57929E-02  0.48268E-02  0.13339E-02
  0.56500E+01  0.33689E-01  0.45699E-01 -0.10655E-01 -0.65045E-01  0.23998E-02  0.45304E-02  0.42407E-02  0.24872E-02
  0.57000E+01  0.31029E-01  0.40718E-01 -0.10502E-01 -0.57844E-01  0.16635E-02  0.60954E-02  0.36076E-02  0.34865E-02
  0.57500E+01  0.28451E-01  0.35932E-01 -0.10336E-01 -0.51222E-01  0.91187E-03  0.48155E-02  0.29399E-02  0.87606E-02
  0.58000E+01  0.25955E-01  0.32956E-01 -0.10159E-01 -0.44365E-01  0.15131E-03  0.71232E-02  0.22574E-02  0.10470E-01
  0.58500E+01  0.23544E-01  0.29941E-01 -0.99716E-02 -0.40538E-01 -0.61263E-03  0.47374E-02  0.15842E-02  0.10299E-01
  0.59000E+01  0.21217E-01  0.26545E-01 -0.97774E-02 -0.35336E-01 -0.13744E-02  0.55343E-02  0.94482E-03  0.10220E-01
  0.59500E+01  0.18975E-01  0.22499E-01 -0.95784E-02 -0.30053E-01 -0.21270E-02  0.50341E-02  0.36154E-03  0.10040E-01
  0.60000E+01  0.16817E-01  0.19096E-01 -0.93761E-02 -0.25100E-01 -0.28606E-02  0.24064E-02 -0.14799E-03  0.11166E-01
  0.60500E+01  0.14742E-01  0.16189E-01 -0.91715E-02 -0.21283E-01 -0.35621E-02  0.31552E-02 -0.57215E-03  0.10455E-01
  0.61000E+01  0.12752E-01  0.12596E-01 -0.89649E-02 -0.15420E-01 -0.42156E-02  0.32582E-02 -0.90551E-03  0.10284E-01
  0.61500E+01  0.10847E-01  0.10018E-01 -0.87562E-02 -0.91190E-02 -0.48044E-02  0.28005E-02 -0.11491E-02  0.79304E-02
  0.62000E+01  0.90297E-02  0.68318E-02 -0.85455E-02 -0.54169E-02 -0.53134E-02  0.28808E-02 -0.13090E-02  0.60341E-02
  0.62500E+01  0.73020E-02  0.33695E-02 -0.83333E-02 -0.29165E-02 -0.57320E-02  0.12378E-02 -0.13955E-02  0.38609E-02
  0.63000E+01  0.56655E-02  0.19369E-02 -0.81211E-02 -0.19011E-04 -0.60562E-02 -0.93059E-03 -0.14221E-02  0.17849E-03
  0.63500E+01  0.41193E-02 -0.17623E-02 -0.79115E-02  0.30232E-02 -0.62892E-02 -0.24238E-02 -0.14037E-02 -0.27185E-03
  0.64000E+01  0.26586E-02 -0.38855E-02 -0.77076E-02  0.43323E-02 -0.64407E-02 -0.48854E-02 -0.13550E-02 -0.17505E-02
  0.64500E+01  0.12746E-02 -0.53299E-02 -0.75128E-02  0.45882E-02 -0.65257E-02 -0.45815E-02 -0.12892E-02 -0.71935E-02
  0.65000E+01 -0.45528E-04 -0.77771E-02 -0.73302E-02  0.59670E-02 -0.65617E-02 -0.72487E-02 -0.12167E-02 -0.81278E-02
  0.65500E+01 -0.13169E-02 -0.96829E-02 -0.71615E-02  0.10500E-01 -0.65661E-02 -0.68229E-02 -0.11443E-02 -0.10414E-01
  0.66000E+01 -0.25543E-02 -0.10988E-01 -0.70072E-02  0.12683E-01 -0.65543E-02 -0.64995E-02 -0.10749E-02 -0.17423E-01
  0.66500E+01 -0.37704E-02 -0.12232E-01 -0.68660E-02  0.14963E-01 -0.65390E-02 -0.75300E-02 -0.10082E-02 -0.20582E-01
  0.67000E+01 -0.49722E-02 -0.13288E-01 -0.67353E-02  0.14208E-01 -0.65290E-02 -0.10420E-01 -0.94160E-03 -0.20235E-01
  0.67500E+01 -0.61602E-02 -0.14549E-01 -0.66115E-02  0.14502E-01 -0.65297E-02 -0.89196E-02 -0.87137E-03 -0.20598E-01
  0.68000E+01 -0.73287E-02 -0.17076E-01 -0.64907E-02  0.15499E-01 -0.65443E-02 -0.10083E-01 -0.79424E-03 -0.23451E-01
  0.68500E+01 -0.84661E-02 -0.16541E-01 -0.63696E-02  0.16950E-01 -0.65738E-02 -0.10964E-01 -0.70783E-03 -0.23274E-01
  0.69000E+01 -0.95586E-02 -0.19136E-01 -0.62459E-02  0.14582E-01 -0.66177E-02 -0.13513E-01 -0.61151E-03 -0.24544E-01
  0.69500E+01 -0.10592E-01 -0.19996E-01 -0.61184E-02  0.16212E-01 -0.66740E-02 -0.11942E-01 -0.50591E-03 -0.27779E-01
  0.70000E+01 -0.11554E-01 -0.21649E-01 -0.59876E-02  0.15257E-01 -0.67393E-02 -0.13719E-01 -0.39280E-03 -0.26483E-01
  0.70500E+01 -0.12439E-01 -0.22837E-01 -0.58549E-02  0.18923E-01 -0.68088E-02 -0.15622E-01 -0.27426E-03 -0.26779E-01
  0.71000E+01 -0.13244E-01 -0.24737E-01 -0.57227E-02  0.20521E-01 -0.68763E-02 -0.13579E-01 -0.15225E-03 -0.28106E-01
  0.71500E+01 -0.13973E-01 -0.25995E-01 -0.55935E-02  0.19086E-01 -0.69351E-02 -0.13241E-01 -0.28338E-04 -0.25948E-01
  0.72000E+01 -0.14633E-01 -0.28366E-01 -0.54697E-02  0.20794E-01 -0.69786E-02 -0.13199E-01  0.96185E-04 -0.22818E-01
  0.72500E+01 -0.15231E-01 -0.29302E-01 -0.53531E-02  0.24402E-01 -0.70011E-02 -0.13534E-01  0.21995E-03 -0.23580E-01
  0.73000E+01 -0.15774E-01 -0.29797E-01 -0.52446E-02  0.24691E-01 -0.69986E-02 -0.12717E-01  0.34113E-03 -0.25039E-01
  0.73500E+01 -0.16269E-01 -0.32115E-01 -0.51446E-02  0.24682E-01 -0.69698E-02 -0.14025E-01  0.45705E-03 -0.19838E-01
  0.74000E+01 -0.16718E-01 -0.33752E-01 -0.50523E-02  0.27048E-01 -0.69151E-02 -0.12518E-01  0.56434E-03 -0.12425E-01
  0.74500E+01 -0.17122E-01 -0.35009E-01 -0.49667E-02  0.28810E-01 -0.68373E-02 -0.13023E-01  0.65916E-03 -0.14374E-01
  0.75000E+01 -0.17480E-01 -0.36640E-01 -0.48862E-02  0.31322E-01 -0.67401E-02 -0.12349E-01  0.73794E-03 -0.16788E-01
  0.75500E+01 -0.17792E-01 -0.38488E-01 -0.48088E-02  0.31657E-01 -0.66275E-02 -0.94358E-02  0.79811E-03 -0.11206E-01
  0.76000E+01 -0.18058E-01 -0.40183E-01 -0.47329E-02  0.32795E-01 -0.65035E-02 -0.87820E-02  0.83881E-03 -0.69566E-02
  0.76500E+01 -0.18278E-01 -0.41173E-01 -0.46568E-02  0.33458E-01 -0.63708E-02 -0.92099E-02  0.86122E-03 -0.64751E-02
  0.77000E+01 -0.18456E-01 -0.42488E-01 -0.45790E-02  0.34873E-01 -0.62314E-02 -0.80171E-02  0.86858E-03 -0.78634E-02
  0.77500E+01 -0.18594E-01 -0.43996E-01 -0.44986E-02  0.36965E-01 -0.60868E-02 -0.61932E-02  0.86565E-03 -0.91159E-02
  0.78000E+01 -0.18697E-01 -0.45337E-01 -0.44150E-02  0.36874E-01 -0.59380E-02 -0.68002E-02  0.85796E-03 -0.82777E-02
  0.78500E+01 -0.18767E-01 -0.46589E-01 -0.43280E-02  0.38564E-01 -0.57865E-02 -0.55854E-02  0.85082E-03 -0.42746E-02
  0.79000E+01 -0.18804E-01 -0.47700E-01 -0.42378E-02  0.40531E-01 -0.56339E-02 -0.52348E-02  0.84855E-03 -0.12103E-02
  0.79500E+01 -0.18810E-01 -0.48408E-01 -0.41450E-02  0.41167E-01 -0.54828E-02 -0.42275E-02  0.85385E-03 -0.19382E-03
  0.80000E+01 -0.18780E-01 -0.49407E-01 -0.40505E-02  0.39266E-01 -0.53355E-02 -0.47660E-02  0.86762E-03  0.33230E-03
  0.80500E+01 -0.18712E-01 -0.49831E-01 -0.39552E-02  0.38042E-01 -0.51947E-02 -0.40268E-02  0.88909E-03  0.29790E-02
  0.81000E+01 -0.18601E-01 -0.49770E-01 -0.38599E-02  0.36418E-01 -0.50618E-02 -0.38392E-02  0.91628E-03  0.19459E-02
  0.81500E+01 -0.18446E-01 -0.50488E-01 -0.37654E-02  0.36443E-01 -0.49377E-02 -0.43819E-02  0.94658E-03  0.11494E-02
  0.82000E+01 -0.18242E-01 -0.51592E-01 -0.36726E-02  0.34242E-01 -0.48217E-02 -0.26964E-02  0.97729E-03  0.52332E-02
  0.82500E+01 -0.17991E-01 -0.50080E-01 -0.35816E-02  0.31704E-01 -0.47117E-02 -0.27946E-02  0.10060E-02  0.86789E-02
  0.83000E+01 -0.17693E-01 -0.50179E-01 -0.34928E-02  0.30756E-01 -0.46047E-02 -0.44636E-02  0.10310E-02  0.82584E-02
  0.83500E+01 -0.17352E-01 -0.49334E-01 -0.34065E-02  0.29558E-01 -0.44972E-02 -0.21688E-02  0.10509E-02  0.45394E-02
  0.84000E+01 -0.16972E-01 -0.48973E-01 -0.33226E-02  0.27814E-01 -0.43856E-02 -0.41500E-02  0.10650E-02  0.46929E-02
  0.84500E+01 -0.16557E-01 -0.47343E-01 -0.32413E-02  0.28120E-01 -0.42668E-02 -0.26010E-02  0.10727E-02  0.49800E-02
  0.85000E+01 -0.16115E-01 -0.47046E-01 -0.31628E-02  0.26627E-01 -0.41382E-02 -0.37586E-02  0.10738E-02  0.29735E-02
  0.85500E+01 -0.15650E-01 -0.46088E-01 -0.30874E-02  0.21765E-01 -0.39988E-02 -0.40308E-02  0.10681E-02  0.34289E-02
  0.86000E+01 -0.15168E-01 -0.45074E-01 -0.30152E-02  0.18680E-01 -0.38482E-02 -0.38278E-02  0.10556E-02 -0.39044E-03
  0.86500E+01 -0.14674E-01 -0.43460E-01 -0.29466E-02  0.19144E-01 -0.36873E-02 -0.30090E-02  0.10364E-02 -0.14842E-02
  0.87000E+01 -0.14173E-01 -0.39762E-01 -0.28815E-02  0.19218E-01 -0.35177E-02 -0.36968E-02  0.10110E-02 -0.16031E-02
  0.87500E+01 -0.13669E-01 -0.38156E-01 -0.28200E-02  0.17685E-01 -0.33417E-02 -0.31922E-02  0.98026E-03 -0.75344E-03
  0.88000E+01 -0.13163E-01 -0.36668E-01 -0.27618E-02  0.14148E-01 -0.31621E-02 -0.21703E-02  0.94528E-03 -0.29429E-02
  0.88500E+01 -0.12658E-01 -0.35210E-01 -0.27066E-02  0.12339E-01 -0.29820E-02 -0.34591E-02  0.90733E-03 -0.80475E-02
  0.89000E+01 -0.12155E-01 -0.33180E-01 -0.26540E-02  0.11288E-01 -0.28043E-02 -0.30931E-02  0.86763E-03 -0.57425E-02
  0.89500E+01 -0.11655E-01 -0.31429E-01 -0.26034E-02  0.84406E-02 -0.26320E-02 -0.38237E-02  0.82724E-03 -0.87314E-02
  0.90000E+01 -0.11158E-01 -0.29433E-01 -0.25545E-02  0.66740E-02 -0.24679E-02 -0.38957E-02  0.78686E-03 -0.97060E-02
  0.90500E+01 -0.10663E-01 -0.26988E-01 -0.25070E-02  0.28316E-02 -0.23141E-02 -0.39688E-02  0.74687E-03 -0.82806E-02
  0.91000E+01 -0.10170E-01 -0.25616E-01 -0.24607E-02  0.10780E-02 -0.21721E-02 -0.21684E-02  0.70729E-03 -0.86480E-02
  0.91500E+01 -0.96797E-02 -0.23058E-01 -0.24157E-02  0.20450E-02 -0.20430E-02 -0.76552E-03  0.66797E-03 -0.93444E-02
  0.92000E+01 -0.91910E-02 -0.21006E-01 -0.23721E-02  0.44787E-02 -0.19267E-02 -0.25176E-02  0.62872E-03 -0.11520E-01
  0.92500E+01 -0.87049E-02 -0.19073E-01 -0.23301E-02 -0.25291E-03 -0.18226E-02 -0.46314E-02  0.58946E-03 -0.10432E-01
  0.93000E+01 -0.82222E-02 -0.16812E-01 -0.22899E-02 -0.44520E-02 -0.17294E-02 -0.34538E-02  0.55030E-03 -0.44081E-02
  0.93500E+01 -0.77437E-02 -0.15926E-01 -0.22517E-02 -0.22584E-02 -0.16454E-02 -0.35467E-02  0.51158E-03  0.25155E-04
  0.94000E+01 -0.72706E-02 -0.13648E-01 -0.22156E-02 -0.11577E-02 -0.15687E-02 -0.16936E-02  0.47380E-03 -0.45524E-02
  0.94500E+01 -0.68041E-02 -0.10738E-01 -0.21816E-02 -0.41980E-02 -0.14974E-02 -0.26150E-02  0.43753E-03 -0.92610E-02
  0.95000E+01 -0.63451E-02 -0.77777E-02 -0.21497E-02 -0.68693E-02 -0.14300E-02 -0.25874E-02  0.40323E-03 -0.10122E-01
  0.95500E+01 -0.58946E-02 -0.60076E-02 -0.21196E-02 -0.85833E-02 -0.13651E-02 -0.31231E-02  0.37118E-03 -0.84763E-02
  0.96000E+01 -0.54533E-02 -0.33704E-02 -0.20913E-02 -0.86665E-02 -0.13019E-02 -0.15190E-02  0.34142E-03 -0.29025E-02
  0.96500E+01 -0.50223E-02 -0.90724E-03 -0.20644E-02 -0.83684E-02 -0.12402E-02  0.16480E-03  0.31372E-03 -0.17329E-02
  0.97000E+01 -0.46022E-02  0.12335E-02 -0.20390E-02 -0.74306E-02 -0.11799E-02  0.26690E-02  0.28765E-03 -0.61129E-02
  0.97500E+01 -0.41941E-02  0.32218E-02 -0.20148E-02 -0.88337E-02 -0.11212E-02  0.13583E-02  0.26268E-03 -0.36514E-02
  0.98000E+01 -0.37990E-02  0.50110E-02 -0.19918E-02 -0.10571E-01 -0.10644E-02 -0.45045E-04  0.23832E-03  0.15896E-02
  0.98500E+01 -0.34181E-02  0.67511E-02 -0.19700E-02 -0.10516E-01 -0.10098E-02 -0.10366E-04  0.21416E-03  0.17221E-02
  0.99000E+01 -0.30524E-02  0.87579E-02 -0.19493E-02 -0.64890E-02 -0.95746E-03  0.88594E-03  0.18995E-03 -0.78250E-03
  0.99500E+01 -0.27030E-02  0.11426E-01 -0.19296E-02 -0.58291E-02 -0.90733E-03  0.30797E-02  0.16562E-03  0.22003E-02
  0.10000E+02 -0.23705E-02  0.12673E-01 -0.19110E-02 -0.58632E-02 -0.85907E-03  0.42069E-02  0.14122E-03  0.94330E-02
  0.10050E+02 -0.20555E-02  0.14802E-01 -0.18933E-02 -0.10104E-01 -0.81219E-03  0.35742E-02  0.11686E-03  0.12239E-01
  0.10100E+02 -0.17580E-02  0.16153E-01 -0.18764E-02 -0.10187E-01 -0.76609E-03  0.43135E-02  0.92657E-04  0.69166E-02
  0.10150E+02 -0.14778E-02  0.18422E-01 -0.18602E-02 -0.92198E-02 -0.72014E-03  0.50873E-02  0.68635E-04  0.39418E-02
  0.10200E+02 -0.12142E-02  0.20176E-01 -0.18446E-02 -0.69245E-02 -0.67379E-03  0.44467E-02  0.44736E-04  0.10402E-01
  0.10250E+02 -0.96661E-03  0.22712E-01 -0.18294E-02 -0.58738E-02 -0.62663E-03  0.51655E-02  0.20784E-04  0.11912E-01
  0.10300E+02 -0.73392E-03  0.24551E-01 -0.18145E-02 -0.69118E-02 -0.57840E-03  0.56409E-02 -0.34853E-05  0.89551E-02
  0.10350E+02 -0.51514E-03  0.26118E-01 -0.17999E-02 -0.67352E-02 -0.52910E-03  0.59050E-02 -0.28357E-04  0.94980E-02
  0.10400E+02 -0.30926E-03  0.27481E-01 -0.17855E-02 -0.68878E-02 -0.47887E-03  0.70527E-02 -0.54112E-04  0.11383E-01
  0.10450E+02 -0.11532E-03  0.29202E-01 -0.17714E-02 -0.86613E-02 -0.42803E-03  0.52503E-02 -0.80971E-04  0.88888E-02
  0.10500E+02  0.67464E-04  0.29177E-01 -0.17575E-02 -0.10555E-01 -0.37701E-03  0.45093E-02 -0.10908E-03  0.76604E-02
  0.10550E+02  0.23983E-03  0.29506E-01 -0.17440E-02 -0.10142E-01 -0.32627E-03  0.69171E-02 -0.13846E-03  0.74931E-02
  0.10600E+02  0.40233E-03  0.31652E-01 -0.17309E-02 -0.11130E-01 -0.27627E-03  0.80715E-02 -0.16908E-03  0.51800E-02
  0.10650E+02  0.55552E-03  0.32010E-01 -0.17182E-02 -0.12156E-01 -0.22740E-03  0.74282E-02 -0.20079E-03  0.88151E-02
  0.10700E+02  0.69971E-03  0.32962E-01 -0.17061E-02 -0.12109E-01 -0.18002E-03  0.69253E-02 -0.23343E-03  0.10487E-01
  0.10750E+02  0.83523E-03  0.33094E-01 -0.16945E-02 -0.14283E-01 -0.13435E-03  0.77308E-02 -0.26679E-03  0.10182E-01
  0.10800E+02  0.96226E-03  0.33978E-01 -0.16836E-02 -0.14379E-01 -0.90583E-04  0.79969E-02 -0.30065E-03  0.13584E-01
  0.10850E+02  0.10810E-02  0.34438E-01 -0.16732E-02 -0.13711E-01 -0.48833E-04  0.73898E-02 -0.33480E-03  0.78928E-02
  0.10900E+02  0.11916E-02  0.33676E-01 -0.16633E-02 -0.13363E-01 -0.91957E-05  0.66288E-02 -0.36905E-03  0.47315E-02
  0.10950E+02  0.12940E-02  0.33756E-01 -0.16540E-02 -0.13580E-01  0.28229E-04  0.54084E-02 -0.40319E-03  0.50242E-02
  0.11000E+02  0.13884E-02  0.33698E-01 -0.16450E-02 -0.14397E-01  0.63365E-04  0.56073E-02 -0.43707E-03  0.33882E-02
  0.11050E+02  0.14748E-02  0.34252E-01 -0.16363E-02 -0.15340E-01  0.96083E-04  0.59813E-02 -0.47056E-03  0.53704E-02
  0.11100E+02  0.15533E-02  0.34234E-01 -0.16279E-02 -0.14830E-01  0.12627E-03  0.75861E-02 -0.50354E-03  0.24645E-02
  0.11150E+02  0.16242E-02  0.33997E-01 -0.16195E-02 -0.14564E-01  0.15382E-03  0.78214E-02 -0.53596E-03 -0.16907E-02
  0.11200E+02  0.16876E-02  0.34093E-01 -0.16110E-02 -0.15304E-01  0.17860E-03  0.74326E-02 -0.56780E-03  0.61384E-02
  0.11250E+02  0.17438E-02  0.33380E-01 -0.16024E-02 -0.16095E-01  0.20051E-03  0.47831E-02 -0.59908E-03  0.12802E-01
  0.11300E+02  0.17931E-02  0.32184E-01 -0.15936E-02 -0.13264E-01  0.21948E-03  0.35596E-02 -0.62987E-03  0.95066E-02
  0.11350E+02  0.18358E-02  0.32183E-01 -0.15844E-02 -0.14236E-01  0.23543E-03  0.63566E-02 -0.66026E-03  0.10767E-02
  0.11400E+02  0.18723E-02  0.31646E-01 -0.15747E-02 -0.15014E-01  0.24833E-03  0.58999E-02 -0.69034E-03 -0.88706E-03
  0.11450E+02  0.19031E-02  0.30393E-01 -0.15647E-02 -0.15799E-01  0.25814E-03  0.41163E-02 -0.72021E-03 -0.46873E-03
  0.11500E+02  0.19286E-02  0.29639E-01 -0.15541E-02 -0.14349E-01  0.26485E-03  0.57025E-02 -0.74994E-03 -0.35367E-03
  0.11550E+02  0.19492E-02  0.28683E-01 -0.15430E-02 -0.12481E-01  0.26840E-03  0.51436E-02 -0.77958E-03  0.18033E-02
  0.11600E+02  0.19655E-02  0.27702E-01 -0.15315E-02 -0.12509E-01  0.26880E-03  0.43790E-02 -0.80915E-03 -0.95409E-04
  0.11650E+02  0.19778E-02  0.27049E-01 -0.15196E-02 -0.14460E-01  0.26604E-03  0.42864E-02 -0.83865E-03 -0.31281E-02
  0.11700E+02  0.19865E-02  0.26511E-01 -0.15072E-02 -0.16770E-01  0.26010E-03  0.24615E-02 -0.86803E-03 -0.50747E-02
  0.11750E+02  0.19921E-02  0.24860E-01 -0.14946E-02 -0.17555E-01  0.25104E-03  0.15663E-02 -0.89724E-03 -0.70406E-03
  0.11800E+02  0.19948E-02  0.23542E-01 -0.14816E-02 -0.15416E-01  0.23889E-03  0.22392E-02 -0.92623E-03  0.25329E-02
  0.11850E+02  0.19948E-02  0.22631E-01 -0.14684E-02 -0.14350E-01  0.22377E-03  0.43286E-02 -0.95492E-03 -0.24675E-02
  0.11900E+02  0.19924E-02  0.21567E-01 -0.14551E-02 -0.13891E-01  0.20577E-03  0.47987E-02 -0.98326E-03 -0.59551E-02
  0.11950E+02  0.19878E-02  0.19856E-01 -0.14417E-02 -0.12686E-01  0.18508E-03  0.42183E-02 -0.10112E-02 -0.16083E-02
  0.12000E+02  0.19809E-02  0.18648E-01 -0.14282E-02 -0.84780E-02  0.16184E-03  0.27557E-02 -0.10385E-02 -0.10862E-03
  0.12050E+02  0.19719E-02  0.17851E-01 -0.14148E-02 -0.67076E-02  0.13627E-03  0.21779E-02 -0.10653E-02 -0.63820E-02
  0.12100E+02  0.19607E-02  0.17058E-01 -0.14014E-02 -0.96204E-02  0.10855E-03  0.27123E-02 -0.10914E-02  0.52824E-03
  0.12150E+02  0.19474E-02  0.16459E-01 -0.13881E-02 -0.73452E-02  0.78879E-04  0.19462E-02 -0.11166E-02  0.65160E-02
  0.12200E+02  0.19319E-02  0.14622E-01 -0.13751E-02 -0.56186E-02  0.47445E-04  0.21174E-02 -0.11409E-02  0.70613E-02
  0.12250E+02  0.19143E-02  0.12760E-01 -0.13622E-02 -0.49189E-02  0.14399E-04  0.46313E-02 -0.11641E-02  0.93172E-02
  0.12300E+02  0.18947E-02  0.11707E-01 -0.13496E-02 -0.47377E-02 -0.20089E-04  0.54543E-02 -0.11861E-02 -0.36895E-02
  0.12350E+02  0.18731E-02  0.97797E-02 -0.13373E-02 -0.49389E-02 -0.55873E-04  0.27619E-02 -0.12067E-02 -0.30917E-02
  0.12400E+02  0.18497E-02  0.90611E-02 -0.13253E-02 -0.33006E-02 -0.92821E-04  0.24333E-02 -0.12259E-02  0.25239E-02
  0.12450E+02  0.18246E-02  0.91889E-02 -0.13136E-02 -0.12663E-02 -0.13078E-03  0.53404E-02 -0.12437E-02 -0.10250E-02
  0.12500E+02  0.17982E-02  0.83305E-02 -0.13024E-02  0.23554E-02 -0.16965E-03  0.64448E-02 -0.12599E-02 -0.37419E-02
  0.12550E+02  0.17706E-02  0.65689E-02 -0.12915E-02  0.32504E-02 -0.20928E-03  0.47824E-02 -0.12746E-02  0.73994E-04
  0.12600E+02  0.17420E-02  0.46450E-02 -0.12811E-02  0.13600E-02 -0.24956E-03  0.17939E-02 -0.12880E-02  0.35178E-03
  0.12650E+02  0.17126E-02  0.37002E-02 -0.12710E-02  0.17947E-02 -0.29035E-03  0.16686E-02 -0.12999E-02 -0.23306E-02
  0.12700E+02  0.16826E-02  0.25093E-02 -0.12614E-02  0.15286E-02 -0.33153E-03  0.13001E-02 -0.13107E-02  0.68475E-02
  0.12750E+02  0.16523E-02  0.21025E-02 -0.12521E-02  0.25831E-02 -0.37297E-03  0.12940E-02 -0.13203E-02  0.58203E-02
  0.12800E+02  0.16216E-02  0.35280E-03 -0.12433E-02  0.36330E-02 -0.41452E-03  0.33243E-02 -0.13289E-02 -0.27616E-05
  0.12850E+02  0.15907E-02 -0.19838E-02 -0.12348E-02  0.49883E-02 -0.45605E-03  0.30012E-02 -0.13366E-02  0.22864E-02
  0.12900E+02  0.15597E-02 -0.30499E-02 -0.12267E-02  0.75140E-02 -0.49743E-03  0.22617E-02 -0.13435E-02 -0.37851E-04
  0.12950E+02  0.15285E-02 -0.31486E-02 -0.12189E-02  0.75227E-02 -0.53852E-03  0.16358E-02 -0.13497E-02  0.15075E-03
  0.13000E+02  0.14972E-02 -0.46585E-02 -0.12114E-02  0.69580E-02 -0.57918E-03  0.21012E-02 -0.13554E-02 -0.20227E-02
  0.13050E+02  0.14657E-02 -0.62710E-02 -0.12041E-02  0.45538E-02 -0.61929E-03  0.24738E-02 -0.13605E-02  0.21443E-02
  0.13100E+02  0.14341E-02 -0.68961E-02 -0.11971E-02  0.53438E-02 -0.65872E-03 -0.62837E-03 -0.13652E-02  0.11560E-01
  0.13150E+02  0.14023E-02 -0.85273E-02 -0.11902E-02  0.79149E-02 -0.69736E-03 -0.11315E-02 -0.13694E-02  0.58651E-02
  0.13200E+02  0.13703E-02 -0.10350E-01 -0.11834E-02  0.71239E-02 -0.73511E-03  0.29556E-03 -0.13733E-02  0.64573E-02
  0.13250E+02  0.13381E-02 -0.10360E-01 -0.11767E-02  0.68211E-02 -0.77187E-03  0.11448E-02 -0.13768E-02  0.14267E-01
  0.13300E+02  0.13057E-02 -0.99495E-02 -0.11700E-02  0.79923E-02 -0.80756E-03  0.15004E-02 -0.13800E-02  0.11319E-01
  0.13350E+02  0.12732E-02 -0.11456E-01 -0.11632E-02  0.80662E-02 -0.84210E-03 -0.49281E-03 -0.13827E-02 -0.10257E-02
  0.13400E+02  0.12406E-02 -0.13326E-01 -0.11564E-02  0.71277E-02 -0.87545E-03 -0.65242E-03 -0.13852E-02 -0.22014E-02
  0.13450E+02  0.12081E-02 -0.14293E-01 -0.11494E-02  0.75253E-02 -0.90755E-03 -0.80921E-04 -0.13873E-02  0.82745E-02
  0.13500E+02  0.11757E-02 -0.14733E-01 -0.11422E-02  0.79102E-02 -0.93837E-03  0.98775E-03 -0.13890E-02  0.82079E-02
  0.13550E+02  0.11436E-02 -0.15249E-01 -0.11347E-02  0.75514E-02 -0.96788E-03  0.18013E-02 -0.13904E-02  0.38478E-02
  0.13600E+02  0.11119E-02 -0.15880E-01 -0.11270E-02  0.66047E-02 -0.99606E-03 -0.10497E-02 -0.13914E-02  0.54980E-02
  0.13650E+02  0.10807E-02 -0.17032E-01 -0.11191E-02  0.75083E-02 -0.10229E-02 -0.23330E-02 -0.13920E-02  0.90721E-03
  0.13700E+02  0.10502E-02 -0.18191E-01 -0.11108E-02  0.80879E-02 -0.10484E-02 -0.17134E-02 -0.13923E-02 -0.55526E-02
  0.13750E+02  0.10205E-02 -0.18932E-01 -0.11023E-02  0.70194E-02 -0.10725E-02 -0.29964E-02 -0.13922E-02 -0.12885E-01
  0.13800E+02  0.99177E-03 -0.19316E-01 -0.10935E-02  0.96351E-02 -0.10952E-02 -0.38475E-02 -0.13918E-02 -0.10951E-01
  0.13850E+02  0.96406E-03 -0.19599E-01 -0.10844E-02  0.11645E-01 -0.11166E-02 -0.36145E-02 -0.13911E-02 -0.30023E-02
  0.13900E+02  0.93751E-03 -0.19595E-01 -0.10751E-02  0.10716E-01 -0.11367E-02 -0.50289E-02 -0.13900E-02 -0.45198E-02
  0.13950E+02  0.91218E-03 -0.19686E-01 -0.10655E-02  0.10149E-01 -0.11554E-02 -0.65749E-02 -0.13887E-02 -0.12484E-01
  0.14000E+02  0.88814E-03 -0.20454E-01 -0.10557E-02  0.92856E-02 -0.11727E-02 -0.68136E-02 -0.13870E-02 -0.61018E-02
  0.14050E+02  0.86543E-03 -0.21242E-01 -0.10458E-02  0.86407E-02 -0.11888E-02 -0.69365E-02 -0.13851E-02  0.68154E-02
  0.14100E+02  0.84407E-03 -0.20901E-01 -0.10356E-02  0.91459E-02 -0.12036E-02 -0.68645E-02 -0.13828E-02  0.21494E-02
  0.14150E+02  0.82405E-03 -0.20839E-01 -0.10253E-02  0.86637E-02 -0.12171E-02 -0.77719E-02 -0.13803E-02 -0.26046E-02
  0.14200E+02  0.80535E-03 -0.21668E-01 -0.10149E-02  0.63009E-02 -0.12294E-02 -0.89826E-02 -0.13776E-02 -0.61259E-02
  0.14250E+02  0.78794E-03 -0.21592E-01 -0.10044E-02  0.56904E-02 -0.12405E-02 -0.77231E-02 -0.13746E-02 -0.13709E-01
  0.14300E+02  0.77176E-03 -0.20945E-01 -0.99387E-03  0.70243E-02 -0.12505E-02 -0.63609E-02 -0.13713E-02 -0.19820E-01
  0.14350E+02  0.75675E-03 -0.20507E-01 -0.98326E-03  0.82423E-02 -0.12594E-02 -0.63294E-02 -0.13678E-02 -0.12884E-01
  0.14400E+02  0.74287E-03 -0.19903E-01 -0.97261E-03  0.77637E-02 -0.12673E-02 -0.65885E-02 -0.13641E-02  0.10558E-03
  0.14450E+02  0.73005E-03 -0.19047E-01 -0.96196E-03  0.74494E-02 -0.12743E-02 -0.73531E-02 -0.13601E-02 -0.11183E-02
  0.14500E+02  0.71821E-03 -0.18509E-01 -0.95130E-03  0.86112E-02 -0.12803E-02 -0.84225E-02 -0.13560E-02 -0.54740E-02
  0.14550E+02  0.70732E-03 -0.18250E-01 -0.94067E-03  0.81616E-02 -0.12855E-02 -0.79348E-02 -0.13516E-02 -0.87702E-02
  0.14600E+02  0.69731E-03 -0.18280E-01 -0.93006E-03  0.65642E-02 -0.12899E-02 -0.69448E-02 -0.13470E-02 -0.51699E-02
  0.14650E+02  0.68815E-03 -0.18277E-01 -0.91950E-03  0.50778E-02 -0.12935E-02 -0.69476E-02 -0.13422E-02 -0.71077E-02
  0.14700E+02  0.67978E-03 -0.17203E-01 -0.90899E-03  0.55417E-02 -0.12964E-02 -0.68253E-02 -0.13372E-02 -0.13509E-01
  0.14750E+02  0.67218E-03 -0.16721E-01 -0.89853E-03  0.60691E-02 -0.12987E-02 -0.57373E-02 -0.13321E-02 -0.64333E-02
  0.14800E+02  0.66532E-03 -0.17738E-01 -0.88814E-03  0.53399E-02 -0.13003E-02 -0.60399E-02 -0.13268E-02 -0.22056E-03
  0.14850E+02  0.65915E-03 -0.16853E-01 -0.87782E-03  0.50524E-02 -0.13012E-02 -0.70175E-02 -0.13214E-02  0.38162E-03
  0.14900E+02  0.65366E-03 -0.14408E-01 -0.86757E-03  0.55456E-02 -0.13016E-02 -0.62905E-02 -0.13158E-02 -0.46649E-03
  0.14950E+02  0.64882E-03 -0.13293E-01 -0.85739E-03  0.68780E-02 -0.13014E-02 -0.60175E-02 -0.13102E-02 -0.52095E-02
  0.15000E+02  0.64460E-03 -0.13654E-01 -0.84728E-03  0.65843E-02 -0.13006E-02 -0.67366E-02 -0.13044E-02 -0.99000E-02
  0.15050E+02  0.64095E-03 -0.12758E-01 -0.83725E-03  0.54990E-02 -0.12992E-02 -0.65454E-02 -0.12986E-02 -0.53383E-02
  0.15100E+02  0.63785E-03 -0.11262E-01 -0.82729E-03  0.58368E-02 -0.12972E-02 -0.58026E-02 -0.12926E-02 -0.34290E-02
  0.15150E+02  0.63525E-03 -0.11423E-01 -0.81739E-03  0.63204E-02 -0.12947E-02 -0.47725E-02 -0.12865E-02 -0.79967E-02
  0.15200E+02  0.63311E-03 -0.11767E-01 -0.80756E-03  0.63810E-02 -0.12916E-02 -0.34167E-02 -0.12804E-02 -0.10080E-01
  0.15250E+02  0.63137E-03 -0.10832E-01 -0.79779E-03  0.56310E-02 -0.12879E-02 -0.26358E-02 -0.12742E-02 -0.28091E-02
  0.15300E+02  0.62999E-03 -0.91035E-02 -0.78808E-03  0.43369E-02 -0.12836E-02 -0.32995E-02 -0.12679E-02 -0.42275E-02
  0.15350E+02  0.62890E-03 -0.75327E-02 -0.77843E-03  0.34681E-02 -0.12787E-02 -0.36256E-02 -0.12615E-02 -0.13161E-01
  0.15400E+02  0.62807E-03 -0.69740E-02 -0.76883E-03  0.35566E-02 -0.12733E-02 -0.31230E-02 -0.12550E-02 -0.92982E-02
  0.15450E+02  0.62742E-03 -0.62467E-02 -0.75928E-03  0.36891E-02 -0.12674E-02 -0.15718E-02 -0.12484E-02  0.54022E-03
  0.15500E+02  0.62691E-03 -0.56239E-02 -0.74977E-03  0.37809E-02 -0.12608E-02  0.64099E-04 -0.12418E-02  0.29776E-02
  0.15550E+02  0.62648E-03 -0.55522E-02 -0.74032E-03  0.29879E-02 -0.12538E-02 -0.73294E-04 -0.12350E-02 -0.38004E-02
  0.15600E+02  0.62609E-03 -0.47760E-02 -0.73091E-03  0.13072E-02 -0.12462E-02 -0.17655E-02 -0.12282E-02 -0.29569E-02
  0.15650E+02  0.62570E-03 -0.37866E-02 -0.72154E-03  0.46670E-03 -0.12381E-02 -0.26463E-02 -0.12214E-02 -0.38424E-02
  0.15700E+02  0.62527E-03 -0.29405E-02 -0.71223E-03  0.10312E-02 -0.12295E-02 -0.19292E-02 -0.12145E-02 -0.11688E-01
  0.15750E+02  0.62476E-03 -0.25139E-02 -0.70297E-03  0.24576E-02 -0.12205E-02 -0.10097E-02 -0.12075E-02 -0.87983E-02
  0.15800E+02  0.62415E-03 -0.21255E-02 -0.69376E-03  0.28625E-02 -0.12110E-02 -0.96937E-03 -0.12005E-02 -0.92179E-02
  0.15850E+02  0.62341E-03 -0.11218E-02 -0.68460E-03  0.23628E-02 -0.12011E-02 -0.12571E-02 -0.11934E-02 -0.14751E-01
  0.15900E+02  0.62252E-03 -0.42879E-03 -0.67551E-03  0.14415E-02 -0.11909E-02 -0.13833E-02 -0.11864E-02 -0.85916E-02
  0.15950E+02  0.62148E-03 -0.10508E-03 -0.66648E-03 -0.20593E-03 -0.11803E-02 -0.16056E-02 -0.11793E-02 -0.26482E-02
  0.16000E+02  0.62026E-03 -0.11810E-04 -0.65752E-03 -0.17535E-02 -0.11693E-02 -0.13706E-02 -0.11722E-02  0.90553E-04
  0.16050E+02  0.61887E-03  0.41292E-03 -0.64864E-03 -0.24933E-02 -0.11580E-02 -0.74267E-03 -0.11651E-02 -0.21143E-02
  0.16100E+02  0.61730E-03  0.10928E-02 -0.63984E-03 -0.22504E-02 -0.11465E-02 -0.72949E-03 -0.11580E-02 -0.95519E-02
  0.16150E+02  0.61555E-03  0.10813E-02 -0.63112E-03 -0.21755E-02 -0.11347E-02 -0.74770E-03 -0.11510E-02 -0.61105E-02
  0.16200E+02  0.61364E-03  0.14580E-02 -0.62250E-03 -0.16633E-02 -0.11226E-02 -0.42037E-03 -0.11439E-02 -0.30091E-02
  0.16250E+02  0.61154E-03  0.22918E-02 -0.61398E-03 -0.15511E-02 -0.11103E-02 -0.14539E-02 -0.11369E-02 -0.28936E-02
  0.16300E+02  0.60928E-03  0.24757E-02 -0.60557E-03 -0.24905E-02 -0.10978E-02 -0.20377E-02 -0.11299E-02  0.10794E-02
  0.16350E+02  0.60686E-03  0.29335E-02 -0.59727E-03 -0.40197E-02 -0.10851E-02 -0.18964E-03 -0.11229E-02 -0.18872E-02
  0.16400E+02  0.60428E-03  0.36697E-02 -0.58909E-03 -0.67960E-02 -0.10722E-02  0.15677E-02 -0.11159E-02 -0.74478E-02
  0.16450E+02  0.60156E-03  0.41571E-02 -0.58103E-03 -0.94045E-02 -0.10591E-02  0.10423E-02 -0.11090E-02 -0.77124E-02
  0.16500E+02  0.59868E-03  0.49748E-02 -0.57310E-03 -0.10533E-01 -0.10457E-02  0.17933E-03 -0.11021E-02  0.22430E-02
  0.16550E+02  0.59567E-03  0.58537E-02 -0.56530E-03 -0.94909E-02 -0.10322E-02  0.13564E-02 -0.10951E-02  0.11353E-01
  0.16600E+02  0.59251E-03  0.64545E-02 -0.55765E-03 -0.70788E-02 -0.10185E-02  0.18890E-02 -0.10882E-02  0.73254E-02
  0.16650E+02  0.58922E-03  0.73314E-02 -0.55014E-03 -0.58578E-02 -0.10046E-02 -0.10745E-02 -0.10813E-02 -0.42191E-02
  0.16700E+02  0.58579E-03  0.84215E-02 -0.54277E-03 -0.63985E-02 -0.99050E-03 -0.26459E-02 -0.10744E-02 -0.89957E-02
  0.16750E+02  0.58222E-03  0.89608E-02 -0.53556E-03 -0.85493E-02 -0.97619E-03  0.19392E-03 -0.10675E-02 -0.37507E-02
  0.16800E+02  0.57851E-03  0.86923E-02 -0.52849E-03 -0.10964E-01 -0.96166E-03  0.25686E-02 -0.10606E-02 -0.41928E-02
  0.16850E+02  0.57466E-03  0.78572E-02 -0.52157E-03 -0.10896E-01 -0.94691E-03  0.21335E-02 -0.10537E-02 -0.37356E-02
  0.16900E+02  0.57066E-03  0.74852E-02 -0.51481E-03 -0.82309E-02 -0.93194E-03  0.14833E-02 -0.10468E-02 -0.26328E-02
  0.16950E+02  0.56651E-03  0.79279E-02 -0.50820E-03 -0.66662E-02 -0.91673E-03  0.17296E-02 -0.10399E-02 -0.60602E-02
  0.17000E+02  0.56221E-03  0.86252E-02 -0.50174E-03 -0.82536E-02 -0.90128E-03  0.23889E-02 -0.10330E-02 -0.30339E-02
  0.17050E+02  0.55775E-03  0.95402E-02 -0.49542E-03 -0.93902E-02 -0.88558E-03  0.31653E-02 -0.10260E-02 -0.28336E-02
  0.17100E+02  0.55313E-03  0.10667E-01 -0.48925E-03 -0.81135E-02 -0.86964E-03  0.35157E-02 -0.10191E-02 -0.41891E-02
  0.17150E+02  0.54834E-03  0.11544E-01 -0.48323E-03 -0.81994E-02 -0.85343E-03  0.23908E-02 -0.10121E-02  0.20488E-02
  0.17200E+02  0.54338E-03  0.12033E-01 -0.47734E-03 -0.86628E-02 -0.83696E-03  0.11100E-02 -0.10052E-02 -0.55127E-02
  0.17250E+02  0.53826E-03  0.12656E-01 -0.47159E-03 -0.69708E-02 -0.82022E-03  0.12303E-02 -0.99821E-03  0.91414E-03
  0.17300E+02  0.53296E-03  0.12956E-01 -0.46597E-03 -0.56268E-02 -0.80323E-03  0.32161E-02 -0.99125E-03  0.10349E-01
  0.17350E+02  0.52750E-03  0.11992E-01 -0.46047E-03 -0.59968E-02 -0.78596E-03  0.57794E-02 -0.98430E-03  0.39790E-02
  0.17400E+02  0.52186E-03  0.11315E-01 -0.45510E-03 -0.64692E-02 -0.76844E-03  0.69365E-02 -0.97736E-03  0.17189E-01
  0.17450E+02  0.51606E-03  0.11798E-01 -0.44984E-03 -0.69909E-02 -0.75066E-03  0.70592E-02 -0.97043E-03  0.11957E-01
  0.17500E+02  0.51011E-03  0.11868E-01 -0.44469E-03 -0.70074E-02 -0.73264E-03  0.73284E-02 -0.96353E-03 -0.23387E-02
  0.17550E+02  0.50399E-03  0.11904E-01 -0.43965E-03 -0.54994E-02 -0.71437E-03  0.63385E-02 -0.95664E-03 -0.35387E-02
  0.17600E+02  0.49773E-03  0.12339E-01 -0.43470E-03 -0.42597E-02 -0.69588E-03  0.43863E-02 -0.94979E-03  0.31409E-04
  0.17650E+02  0.49133E-03  0.12169E-01 -0.42985E-03 -0.42830E-02 -0.67719E-03  0.30618E-02 -0.94297E-03  0.16150E-02
  0.17700E+02  0.48480E-03  0.12069E-01 -0.42509E-03 -0.43102E-02 -0.65830E-03  0.25176E-02 -0.93619E-03  0.58417E-02
  0.17750E+02  0.47816E-03  0.12559E-01 -0.42041E-03 -0.46220E-02 -0.63923E-03  0.27085E-02 -0.92946E-03  0.16306E-01
  0.17800E+02  0.47140E-03  0.12505E-01 -0.41580E-03 -0.51786E-02 -0.62001E-03  0.33215E-02 -0.92278E-03  0.24597E-01
  0.17850E+02  0.46455E-03  0.11804E-01 -0.41127E-03 -0.35058E-02 -0.60066E-03  0.40708E-02 -0.91615E-03  0.25047E-01
  0.17900E+02  0.45761E-03  0.11266E-01 -0.40681E-03 -0.85565E-03 -0.58120E-03  0.44558E-02 -0.90959E-03  0.12734E-01
  0.17950E+02  0.45061E-03  0.11610E-01 -0.40241E-03 -0.26930E-03 -0.56166E-03  0.40749E-02  0.00000E+00 -0.00000E+00
  0.18000E+02  0.44355E-03  0.12333E-01 -0.39806E-03 -0.92031E-03 -0.54206E-03  0.46541E-02  0.00000E+00 -0.00000E+00
  0.18050E+02  0.43645E-03  0.11531E-01 -0.39377E-03 -0.10944E-02 -0.52243E-03  0.56679E-02  0.00000E+00 -0.00000E+00
  0.18100E+02  0.42931E-03  0.98151E-02 -0.38953E-03 -0.17172E-02 -0.50280E-03  0.60940E-02  0.00000E+00 -0.00000E+00
  0.18150E+02  0.42217E-03  0.90989E-02 -0.38534E-03 -0.28724E-02 -0.48319E-03  0.59576E-02  0.00000E+00 -0.00000E+00
  0.18200E+02  0.41502E-03  0.91317E-02 -0.38119E-03 -0.30244E-02 -0.46363E-03  0.58981E-02  0.00000E+00 -0.00000E+00
  0.18250E+02  0.40788E-03  0.89616E-02 -0.37708E-03 -0.29912E-02 -0.44415E-03  0.55338E-02  0.00000E+00 -0.00000E+00
  0.18300E+02  0.40077E-03  0.91745E-02 -0.37300E-03 -0.42095E-02 -0.42477E-03  0.33698E-02  0.00000E+00 -0.00000E+00
  0.18350E+02  0.39369E-03  0.95274E-02 -0.36896E-03 -0.44728E-02 -0.40553E-03  0.10695E-02  0.00000E+00 -0.00000E+00
  0.18400E+02  0.38666E-03  0.88588E-02 -0.36495E-03 -0.31664E-02 -0.38644E-03  0.10545E-02  0.00000E+00 -0.00000E+00
  0.18450E+02  0.37969E-03  0.78978E-02 -0.36097E-03 -0.32420E-02 -0.36753E-03  0.17365E-02  0.00000E+00 -0.00000E+00
  0.18500E+02  0.37279E-03  0.74752E-02 -0.35701E-03 -0.41071E-02 -0.34882E-03  0.17003E-02  0.00000E+00 -0.00000E+00
  0.18550E+02  0.36597E-03  0.71890E-02 -0.35307E-03 -0.37531E-02 -0.33034E-03  0.13548E-02  0.00000E+00 -0.00000E+00
  0.18600E+02  0.35924E-03  0.68434E-02 -0.34916E-03 -0.18765E-02 -0.31210E-03  0.13711E-02  0.00000E+00 -0.00000E+00
  0.18650E+02  0.35261E-03  0.64658E-02 -0.34526E-03 -0.10998E-03 -0.29414E-03  0.12344E-02  0.00000E+00 -0.00000E+00
  0.18700E+02  0.34608E-03  0.61973E-02 -0.34139E-03  0.24964E-03 -0.27646E-03 -0.69360E-03  0.00000E+00 -0.00000E+00
  0.18750E+02  0.33967E-03  0.61091E-02 -0.33753E-03 -0.19137E-03 -0.25908E-03 -0.20332E-02  0.00000E+00 -0.00000E+00
  0.18800E+02  0.33338E-03  0.56509E-02 -0.33368E-03 -0.51093E-03 -0.24203E-03 -0.12063E-02  0.00000E+00 -0.00000E+00
  0.18850E+02  0.32722E-03  0.46049E-02 -0.32985E-03 -0.83333E-03 -0.22531E-03  0.43811E-03  0.00000E+00 -0.00000E+00
  0.18900E+02  0.32119E-03  0.40133E-02 -0.32604E-03 -0.10447E-02 -0.20895E-03  0.18989E-02  0.00000E+00 -0.00000E+00
  0.18950E+02  0.31530E-03  0.38298E-02 -0.32223E-03 -0.27053E-03 -0.19294E-03  0.28415E-02  0.00000E+00 -0.00000E+00
  0.19000E+02  0.30956E-03  0.35023E-02 -0.31844E-03  0.94851E-03 -0.17732E-03  0.26393E-02  0.00000E+00 -0.00000E+00
  0.19050E+02  0.30396E-03  0.30246E-02 -0.31466E-03  0.11467E-02 -0.16208E-03  0.21823E-02  0.00000E+00 -0.00000E+00
  0.19100E+02  0.29851E-03  0.26862E-02 -0.31089E-03 -0.84354E-04 -0.14723E-03  0.17531E-02  0.00000E+00 -0.00000E+00
  0.19150E+02  0.29321E-03  0.20790E-02 -0.30713E-03 -0.82481E-03 -0.13279E-03  0.45847E-03  0.00000E+00 -0.00000E+00
  0.19200E+02  0.28807E-03  0.86524E-03 -0.30338E-03 -0.22713E-03 -0.11876E-03 -0.14726E-02  0.00000E+00 -0.00000E+00
  0.19250E+02  0.28309E-03 -0.48147E-03 -0.29964E-03  0.67913E-03 -0.10515E-03 -0.18825E-02  0.00000E+00 -0.00000E+00
  0.19300E+02  0.27827E-03 -0.14135E-02 -0.29591E-03  0.15359E-02 -0.91959E-04 -0.59137E-03  0.00000E+00 -0.00000E+00
  0.19350E+02  0.27361E-03 -0.19993E-02 -0.29220E-03  0.13004E-02 -0.79198E-04  0.35603E-03  0.00000E+00 -0.00000E+00
  0.19400E+02  0.26911E-03 -0.24320E-02 -0.28849E-03  0.30802E-03 -0.66868E-04  0.30433E-03  0.00000E+00 -0.00000E+00
  0.19450E+02  0.26477E-03 -0.26749E-02 -0.28480E-03  0.19443E-02 -0.54971E-04 -0.42496E-03  0.00000E+00 -0.00000E+00
  0.19500E+02  0.26060E-03 -0.29691E-02 -0.28112E-03  0.58378E-02 -0.43507E-04 -0.61570E-03  0.00000E+00 -0.00000E+00
  0.19550E+02  0.25659E-03 -0.38014E-02 -0.27745E-03  0.61103E-02 -0.32479E-04 -0.89461E-03  0.00000E+00 -0.00000E+00
  0.19600E+02  0.25273E-03 -0.44982E-02 -0.27380E-03  0.29285E-02 -0.21887E-04 -0.82300E-03  0.00000E+00 -0.00000E+00
  0.19650E+02  0.24904E-03 -0.46205E-02 -0.27015E-03  0.90662E-03 -0.11727E-04 -0.10116E-02  0.00000E+00 -0.00000E+00
  0.19700E+02  0.24550E-03 -0.43583E-02 -0.26653E-03  0.14219E-02 -0.19980E-05 -0.16759E-02  0.00000E+00 -0.00000E+00
  0.19750E+02  0.24212E-03 -0.45608E-02 -0.26291E-03  0.19392E-02  0.73011E-05 -0.17555E-02  0.00000E+00 -0.00000E+00
  0.19800E+02  0.23889E-03 -0.49025E-02 -0.25931E-03  0.31536E-02  0.16176E-04 -0.52126E-03  0.00000E+00 -0.00000E+00
  0.19850E+02  0.23582E-03 -0.46365E-02 -0.25573E-03  0.62144E-02  0.24631E-04  0.12083E-02  0.00000E+00 -0.00000E+00
  0.19900E+02  0.23289E-03 -0.47751E-02 -0.25216E-03  0.76901E-02  0.32670E-04  0.14689E-02  0.00000E+00 -0.00000E+00
  0.19950E+02  0.23011E-03 -0.58809E-02 -0.24861E-03  0.60120E-02  0.40301E-04  0.58071E-03  0.00000E+00 -0.00000E+00
  0.20000E+02  0.22748E-03 -0.68402E-02 -0.24508E-03  0.44029E-02  0.47530E-04 -0.14300E-03  0.00000E+00 -0.00000E+00
  0.20050E+02  0.22498E-03 -0.72963E-02 -0.24156E-03  0.37370E-02  0.54363E-04 -0.80555E-04  0.00000E+00 -0.00000E+00
  0.20100E+02  0.22262E-03 -0.77284E-02 -0.23806E-03  0.25172E-02  0.60810E-04 -0.50669E-03  0.00000E+00 -0.00000E+00
  0.20150E+02  0.22039E-03 -0.87007E-02 -0.23458E-03  0.18145E-02  0.66878E-04 -0.14991E-02  0.00000E+00 -0.00000E+00
  0.20200E+02  0.21828E-03 -0.89580E-02 -0.23112E-03  0.41656E-02  0.72578E-04 -0.14037E-02  0.00000E+00 -0.00000E+00
  0.20250E+02  0.21631E-03 -0.82381E-02 -0.22768E-03  0.77560E-02  0.77916E-04 -0.53816E-04  0.00000E+00 -0.00000E+00
  0.20300E+02  0.21445E-03 -0.71710E-02 -0.22425E-03  0.78687E-02  0.82907E-04  0.16956E-03  0.00000E+00 -0.00000E+00
  0.20350E+02  0.21270E-03 -0.68730E-02 -0.22084E-03  0.56794E-02  0.87557E-04  0.29007E-03  0.00000E+00 -0.00000E+00
  0.20400E+02  0.21107E-03 -0.76287E-02 -0.21745E-03  0.56342E-02  0.91881E-04  0.10335E-02  0.00000E+00 -0.00000E+00
  0.20450E+02  0.20954E-03 -0.83980E-02 -0.21409E-03  0.75097E-02  0.95888E-04  0.16358E-02  0.00000E+00 -0.00000E+00
  0.20500E+02  0.20811E-03 -0.88725E-02 -0.21074E-03  0.85181E-02  0.99587E-04  0.14642E-02  0.00000E+00 -0.00000E+00
  0.20550E+02  0.20677E-03 -0.92592E-02 -0.20741E-03  0.71404E-02  0.10299E-03  0.11732E-02  0.00000E+00 -0.00000E+00
  0.20600E+02  0.20552E-03 -0.93997E-02 -0.20410E-03  0.51063E-02  0.10612E-03  0.10096E-02  0.00000E+00 -0.00000E+00
  0.20650E+02  0.20436E-03 -0.92628E-02 -0.20080E-03  0.39570E-02  0.10897E-03 -0.46853E-03  0.00000E+00 -0.00000E+00
  0.20700E+02  0.20327E-03 -0.91426E-02 -0.19753E-03  0.44954E-02  0.11157E-03 -0.27339E-02  0.00000E+00 -0.00000E+00
  0.20750E+02  0.20226E-03 -0.93596E-02 -0.19428E-03  0.48979E-02  0.11392E-03 -0.38901E-02  0.00000E+00 -0.00000E+00
  0.20800E+02  0.20132E-03 -0.91393E-02 -0.19105E-03  0.52328E-02  0.11604E-03 -0.19719E-02  0.00000E+00 -0.00000E+00
  0.20850E+02  0.20043E-03 -0.81889E-02 -0.18783E-03  0.54262E-02  0.11793E-03  0.75497E-03  0.00000E+00 -0.00000E+00
  0.20900E+02  0.19960E-03 -0.73124E-02 -0.18464E-03  0.46846E-02  0.11962E-03  0.66133E-03  0.00000E+00 -0.00000E+00
  0.20950E+02  0.19882E-03 -0.72782E-02 -0.18146E-03  0.34177E-02  0.12111E-03 -0.76420E-03  0.00000E+00 -0.00000E+00
  0.21000E+02  0.19809E-03 -0.73377E-02 -0.17830E-03  0.38509E-02  0.12240E-03 -0.17763E-02  0.00000E+00 -0.00000E+00
  0.21050E+02  0.19739E-03 -0.66792E-02 -0.17516E-03  0.54671E-02  0.12353E-03 -0.17270E-02  0.00000E+00 -0.00000E+00
  0.21100E+02  0.19674E-03 -0.58582E-02 -0.17204E-03  0.61432E-02  0.12449E-03 -0.15904E-02  0.00000E+00 -0.00000E+00
  0.21150E+02  0.19611E-03 -0.61066E-02 -0.16894E-03  0.61760E-02  0.12529E-03 -0.11476E-02  0.00000E+00 -0.00000E+00
  0.21200E+02  0.19550E-03 -0.66169E-02 -0.16585E-03  0.68605E-02  0.12595E-03 -0.16759E-03  0.00000E+00 -0.00000E+00
  0.21250E+02  0.19491E-03 -0.67424E-02 -0.16278E-03  0.68335E-02  0.12648E-03 -0.62182E-03  0.00000E+00 -0.00000E+00
  0.21300E+02  0.19434E-03 -0.64354E-02 -0.15973E-03  0.56458E-02  0.12689E-03 -0.25376E-02  0.00000E+00 -0.00000E+00
  0.21350E+02  0.19378E-03 -0.60748E-02 -0.15669E-03  0.40386E-02  0.12718E-03 -0.46854E-02  0.00000E+00 -0.00000E+00
  0.21400E+02  0.19322E-03 -0.58865E-02 -0.15367E-03  0.26536E-02  0.12736E-03 -0.52126E-02  0.00000E+00 -0.00000E+00
  0.21450E+02  0.19267E-03 -0.60599E-02 -0.15066E-03  0.10383E-02  0.12744E-03 -0.40420E-02  0.00000E+00 -0.00000E+00
  0.21500E+02  0.19211E-03 -0.63344E-02 -0.14768E-03  0.11383E-02  0.12744E-03 -0.19245E-02  0.00000E+00 -0.00000E+00
  0.21550E+02  0.19155E-03 -0.61209E-02 -0.14470E-03  0.22994E-02  0.12735E-03 -0.51095E-03  0.00000E+00 -0.00000E+00
  0.21600E+02  0.19097E-03 -0.52673E-02 -0.14174E-03  0.32187E-02  0.12719E-03 -0.80765E-03  0.00000E+00 -0.00000E+00
  0.21650E+02  0.19039E-03 -0.43506E-02 -0.13880E-03  0.40608E-02  0.12696E-03 -0.18197E-02  0.00000E+00 -0.00000E+00
  0.21700E+02  0.18978E-03 -0.36019E-02 -0.13587E-03  0.53373E-02  0.12667E-03 -0.26747E-02  0.00000E+00 -0.00000E+00
  0.21750E+02  0.18916E-03 -0.32751E-02 -0.13295E-03  0.56203E-02  0.12632E-03 -0.21778E-02  0.00000E+00 -0.00000E+00
  0.21800E+02  0.18852E-03 -0.34429E-02 -0.13005E-03  0.35725E-02  0.12592E-03 -0.41836E-03  0.00000E+00 -0.00000E+00
  0.21850E+02  0.18785E-03 -0.36556E-02 -0.12716E-03  0.92937E-03  0.12547E-03  0.31175E-03  0.00000E+00 -0.00000E+00
  0.21900E+02  0.18715E-03 -0.34812E-02 -0.12428E-03  0.25018E-03  0.12498E-03 -0.81876E-03  0.00000E+00 -0.00000E+00
  0.21950E+02  0.18643E-03 -0.28427E-02 -0.12142E-03  0.59027E-03  0.12445E-03 -0.27205E-02  0.00000E+00 -0.00000E+00
  0.22000E+02  0.18567E-03 -0.20184E-02 -0.11857E-03 -0.23121E-03  0.12388E-03 -0.35229E-02  0.00000E+00 -0.00000E+00
  0.22050E+02  0.18488E-03 -0.83772E-03 -0.11574E-03 -0.15720E-02  0.12329E-03 -0.37256E-02  0.00000E+00 -0.00000E+00
  0.22100E+02  0.18406E-03  0.36416E-03 -0.11292E-03 -0.12878E-02  0.12266E-03 -0.35863E-02  0.00000E+00 -0.00000E+00
  0.22150E+02  0.18320E-03  0.48763E-03 -0.11011E-03 -0.25607E-03  0.12201E-03 -0.24076E-02  0.00000E+00 -0.00000E+00
  0.22200E+02  0.18230E-03 -0.73515E-03 -0.10731E-03 -0.26456E-03  0.12133E-03 -0.19671E-03  0.00000E+00 -0.00000E+00
  0.22250E+02  0.18136E-03 -0.20691E-02 -0.10453E-03 -0.15765E-02  0.12063E-03  0.11895E-02  0.00000E+00 -0.00000E+00
  0.22300E+02  0.18039E-03 -0.19700E-02 -0.10176E-03 -0.23290E-02  0.11991E-03  0.12350E-02  0.00000E+00 -0.00000E+00
  0.22350E+02  0.17938E-03 -0.98411E-03 -0.99005E-04 -0.29168E-02  0.11917E-03  0.73749E-03  0.00000E+00 -0.00000E+00
  0.22400E+02  0.17832E-03 -0.23056E-03 -0.96263E-04 -0.25307E-02  0.11841E-03  0.27284E-03  0.00000E+00 -0.00000E+00
  0.22450E+02  0.17723E-03  0.47965E-03 -0.93535E-04 -0.15832E-02  0.11764E-03 -0.45866E-03  0.00000E+00 -0.00000E+00
  0.22500E+02  0.17609E-03  0.12435E-02 -0.90821E-04 -0.71817E-03  0.11685E-03 -0.97773E-03  0.00000E+00 -0.00000E+00
  0.22550E+02  0.17492E-03  0.18942E-02 -0.88122E-04 -0.96319E-03  0.11604E-03 -0.11432E-02  0.00000E+00 -0.00000E+00
  0.22600E+02  0.17370E-03  0.16869E-02 -0.85437E-04 -0.28628E-02  0.11522E-03 -0.10008E-02  0.00000E+00 -0.00000E+00
  0.22650E+02  0.17244E-03  0.13276E-02 -0.82766E-04 -0.46239E-02  0.11438E-03 -0.14738E-02  0.00000E+00 -0.00000E+00
  0.22700E+02  0.17114E-03  0.13608E-02 -0.80112E-04 -0.47281E-02  0.11352E-03 -0.19462E-02  0.00000E+00 -0.00000E+00
  0.22750E+02  0.16981E-03  0.19667E-02 -0.77472E-04 -0.28085E-02  0.11266E-03 -0.16947E-02  0.00000E+00 -0.00000E+00
  0.22800E+02  0.16843E-03  0.29319E-02 -0.74849E-04  0.82086E-04  0.11177E-03 -0.36832E-03  0.00000E+00 -0.00000E+00
  0.22850E+02  0.16702E-03  0.39837E-02 -0.72242E-04  0.11480E-02  0.11088E-03  0.83453E-03  0.00000E+00 -0.00000E+00
  0.22900E+02  0.16556E-03  0.45176E-02 -0.69652E-04  0.48643E-04  0.10996E-03  0.98913E-03  0.00000E+00 -0.00000E+00
  0.22950E+02  0.16407E-03  0.45960E-02 -0.67078E-04 -0.15296E-02  0.10904E-03  0.11415E-02  0.00000E+00 -0.00000E+00
  0.23000E+02  0.16255E-03  0.48742E-02 -0.64522E-04 -0.19102E-02  0.10810E-03  0.18602E-02  0.00000E+00 -0.00000E+00
  0.23050E+02  0.16099E-03  0.55404E-02 -0.61984E-04 -0.21055E-02  0.10714E-03  0.24930E-02  0.00000E+00 -0.00000E+00
  0.23100E+02  0.15939E-03  0.60631E-02 -0.59465E-04 -0.40238E-02  0.10617E-03  0.19305E-02  0.00000E+00 -0.00000E+00
  0.23150E+02  0.15776E-03  0.57373E-02 -0.56964E-04 -0.60624E-02  0.10519E-03  0.14424E-02  0.00000E+00 -0.00000E+00
  0.23200E+02  0.15611E-03  0.50616E-02 -0.54482E-04 -0.60449E-02  0.10419E-03  0.24365E-02  0.00000E+00 -0.00000E+00
  0.23250E+02  0.15442E-03  0.48797E-02 -0.52020E-04 -0.40295E-02  0.10317E-03  0.41006E-02  0.00000E+00 -0.00000E+00
  0.23300E+02  0.15270E-03  0.53105E-02 -0.49578E-04 -0.28371E-02  0.10214E-03  0.41966E-02  0.00000E+00 -0.00000E+00
  0.23350E+02  0.15096E-03  0.58473E-02 -0.47157E-04 -0.30891E-02  0.10110E-03  0.29341E-02  0.00000E+00 -0.00000E+00
  0.23400E+02  0.14919E-03  0.58621E-02 -0.44756E-04 -0.38537E-02  0.10004E-03  0.16286E-02  0.00000E+00 -0.00000E+00
  0.23450E+02  0.14740E-03  0.57348E-02 -0.42377E-04 -0.36131E-02  0.98964E-04  0.12981E-02  0.00000E+00 -0.00000E+00
  0.23500E+02  0.14558E-03  0.54915E-02 -0.40021E-04 -0.32854E-02  0.97875E-04  0.14648E-02  0.00000E+00 -0.00000E+00
  0.23550E+02  0.14374E-03  0.51611E-02 -0.37686E-04 -0.27816E-02  0.96772E-04  0.11849E-02  0.00000E+00 -0.00000E+00
  0.23600E+02  0.14189E-03  0.51114E-02 -0.35374E-04 -0.20368E-02  0.95655E-04  0.80501E-03  0.00000E+00 -0.00000E+00
  0.23650E+02  0.14001E-03  0.55492E-02 -0.33086E-04 -0.12680E-02  0.94524E-04 -0.53205E-04  0.00000E+00 -0.00000E+00
  0.23700E+02  0.13812E-03  0.59027E-02 -0.30821E-04 -0.95286E-03  0.93379E-04 -0.55247E-03  0.00000E+00 -0.00000E+00
  0.23750E+02  0.13621E-03  0.56889E-02 -0.28580E-04 -0.15953E-02  0.92220E-04 -0.36266E-03  0.00000E+00 -0.00000E+00
  0.23800E+02  0.13429E-03  0.51474E-02 -0.26364E-04 -0.25035E-02  0.91049E-04  0.24492E-03  0.00000E+00 -0.00000E+00
  0.23850E+02  0.13236E-03  0.50902E-02 -0.24173E-04 -0.42709E-02  0.89865E-04  0.22966E-03  0.00000E+00 -0.00000E+00
  0.23900E+02  0.13042E-03  0.52684E-02 -0.22007E-04 -0.54619E-02  0.88669E-04 -0.53389E-03  0.00000E+00 -0.00000E+00
  0.23950E+02  0.12846E-03  0.53567E-02 -0.19867E-04 -0.66415E-02  0.87462E-04 -0.16741E-02  0.00000E+00 -0.00000E+00
  0.24000E+02  0.12650E-03  0.49509E-02 -0.17753E-04 -0.71265E-02  0.86243E-04 -0.23453E-02  0.00000E+00 -0.00000E+00
  0.24050E+02  0.12454E-03  0.46337E-02 -0.15666E-04 -0.70631E-02  0.85013E-04 -0.25840E-02  0.00000E+00 -0.00000E+00
  0.24100E+02  0.12257E-03  0.46978E-02 -0.13605E-04 -0.68584E-02  0.83774E-04 -0.31249E-02  0.00000E+00 -0.00000E+00
  0.24150E+02  0.12060E-03  0.52144E-02 -0.11573E-04 -0.70553E-02  0.82526E-04 -0.44040E-02  0.00000E+00 -0.00000E+00
  0.24200E+02  0.11862E-03  0.52949E-02 -0.95674E-05 -0.71166E-02  0.81269E-04 -0.53872E-02  0.00000E+00 -0.00000E+00
  0.24250E+02  0.11664E-03  0.45922E-02 -0.75901E-05 -0.72749E-02  0.80003E-04 -0.47942E-02  0.00000E+00 -0.00000E+00
  0.24300E+02  0.11467E-03  0.34051E-02 -0.56410E-05 -0.69483E-02  0.78731E-04 -0.24877E-02  0.00000E+00 -0.00000E+00
  0.24350E+02  0.11270E-03  0.28458E-02 -0.37210E-05 -0.62085E-02  0.77452E-04  0.14215E-03  0.00000E+00 -0.00000E+00
  0.24400E+02  0.11073E-03  0.27310E-02 -0.18296E-05 -0.49502E-02  0.76168E-04  0.11978E-02  0.00000E+00 -0.00000E+00
  0.24450E+02  0.10876E-03  0.27611E-02  0.32057E-07 -0.40007E-02  0.74879E-04  0.70157E-03  0.00000E+00 -0.00000E+00
  0.24500E+02  0.10680E-03  0.22633E-02  0.18644E-05 -0.42711E-02  0.73585E-04 -0.80536E-03  0.00000E+00 -0.00000E+00
  0.24550E+02  0.10484E-03  0.18946E-02  0.36672E-05 -0.56637E-02  0.72288E-04 -0.23505E-02  0.00000E+00 -0.00000E+00
  0.24600E+02  0.10290E-03  0.17913E-02  0.54392E-05 -0.63138E-02  0.70989E-04 -0.26761E-02  0.00000E+00 -0.00000E+00
  0.24650E+02  0.10096E-03  0.20999E-02  0.71811E-05 -0.55018E-02  0.69688E-04 -0.16305E-02  0.00000E+00 -0.00000E+00
  0.24700E+02  0.99027E-04  0.22580E-02  0.88926E-05 -0.33637E-02  0.68386E-04  0.33850E-03  0.00000E+00 -0.00000E+00
  0.24750E+02  0.97107E-04  0.22398E-02  0.10573E-04 -0.17511E-02  0.67084E-04  0.11180E-02  0.00000E+00 -0.00000E+00
  0.24800E+02  0.95198E-04  0.17189E-02  0.12223E-04 -0.15610E-02  0.65782E-04  0.44738E-03  0.00000E+00 -0.00000E+00
  0.24850E+02  0.93300E-04  0.92317E-03  0.13841E-04 -0.28166E-02  0.64482E-04 -0.13281E-02  0.00000E+00 -0.00000E+00
  0.24900E+02  0.91415E-04  0.34981E-03  0.15428E-04 -0.35586E-02  0.63185E-04 -0.18680E-02  0.00000E+00 -0.00000E+00
  0.24950E+02  0.89542E-04  0.17186E-03  0.16983E-04 -0.27428E-02  0.61890E-04 -0.12127E-02  0.00000E+00 -0.00000E+00
  0.25000E+02  0.87683E-04 -0.38286E-04  0.18506E-04 -0.78664E-03  0.60599E-04 -0.62309E-05  0.00000E+00 -0.00000E+00
  0.25050E+02  0.85838E-04 -0.85035E-03  0.19998E-04  0.53266E-03  0.59313E-04  0.21040E-03  0.00000E+00 -0.00000E+00
  0.25100E+02  0.84008E-04 -0.16848E-02  0.21458E-04  0.28344E-03  0.58032E-04 -0.61505E-03  0.00000E+00 -0.00000E+00
  0.25150E+02  0.82193E-04 -0.20029E-02  0.22886E-04 -0.97240E-03  0.56757E-04 -0.16048E-02  0.00000E+00 -0.00000E+00
  0.25200E+02  0.80393E-04 -0.14279E-02  0.24281E-04 -0.25694E-02  0.55489E-04 -0.14340E-02  0.00000E+00 -0.00000E+00
  0.25250E+02  0.78610E-04 -0.73926E-03  0.25645E-04 -0.32302E-02  0.54229E-04 -0.40717E-03  0.00000E+00 -0.00000E+00
  0.25300E+02  0.76842E-04 -0.25727E-03  0.26977E-04 -0.30787E-02  0.52976E-04  0.52188E-04  0.00000E+00 -0.00000E+00
  0.25350E+02  0.75092E-04 -0.76882E-04  0.28276E-04 -0.16573E-02  0.51732E-04  0.32099E-03  0.00000E+00 -0.00000E+00
  0.25400E+02  0.73358E-04  0.47471E-04  0.29543E-04 -0.24230E-03  0.50497E-04  0.87187E-03  0.00000E+00 -0.00000E+00
  0.25450E+02  0.71642E-04  0.39786E-04  0.30778E-04  0.93060E-04  0.49272E-04  0.21302E-02  0.00000E+00 -0.00000E+00
  0.25500E+02  0.69943E-04 -0.14061E-03  0.31981E-04 -0.97732E-03  0.48058E-04  0.24081E-02  0.00000E+00 -0.00000E+00
  0.25550E+02  0.68261E-04 -0.16990E-03  0.33152E-04 -0.18649E-02  0.46855E-04  0.17231E-02  0.00000E+00 -0.00000E+00
  0.25600E+02  0.66597E-04  0.29928E-04  0.34291E-04 -0.16858E-02  0.45663E-04  0.43705E-03  0.00000E+00 -0.00000E+00
  0.25650E+02  0.64952E-04  0.27329E-03  0.35398E-04  0.20228E-03  0.44484E-04  0.48749E-03  0.00000E+00 -0.00000E+00
  0.25700E+02  0.63324E-04  0.10818E-03  0.36473E-04  0.23632E-02  0.43316E-04  0.98371E-03  0.00000E+00 -0.00000E+00
  0.25750E+02  0.61715E-04 -0.52123E-03  0.37517E-04  0.35540E-02  0.42163E-04  0.13618E-02  0.00000E+00 -0.00000E+00
  0.25800E+02  0.60123E-04 -0.12898E-02  0.38529E-04  0.30869E-02  0.41022E-04  0.10090E-02  0.00000E+00 -0.00000E+00
  0.25850E+02  0.58550E-04 -0.18771E-02  0.39510E-04  0.18303E-02  0.39896E-04  0.92626E-03  0.00000E+00 -0.00000E+00
  0.25900E+02  0.56995E-04 -0.18774E-02  0.40460E-04  0.91901E-03  0.38784E-04  0.11371E-02  0.00000E+00 -0.00000E+00
  0.25950E+02  0.55458E-04 -0.14847E-02  0.41379E-04  0.11806E-02  0.37687E-04  0.81943E-03  0.00000E+00 -0.00000E+00
  0.26000E+02  0.53939E-04 -0.81334E-03  0.42267E-04  0.16813E-02  0.36605E-04  0.39231E-03  0.00000E+00 -0.00000E+00
  0.26050E+02  0.52439E-04 -0.35832E-03  0.43125E-04  0.24589E-02  0.35538E-04  0.32280E-03  0.00000E+00 -0.00000E+00
  0.26100E+02  0.50956E-04 -0.23516E-03  0.43953E-04  0.29763E-02  0.34489E-04  0.97305E-03  0.00000E+00 -0.00000E+00
  0.26150E+02  0.49492E-04 -0.65094E-03  0.44751E-04  0.34873E-02  0.33455E-04  0.10201E-02  0.00000E+00 -0.00000E+00
  0.26200E+02  0.48045E-04 -0.13669E-02  0.45519E-04  0.34470E-02  0.32438E-04  0.54034E-03  0.00000E+00 -0.00000E+00
  0.26250E+02  0.46616E-04 -0.20020E-02  0.46258E-04  0.18595E-02  0.31438E-04 -0.53043E-03  0.00000E+00 -0.00000E+00
  0.26300E+02  0.45205E-04 -0.23824E-02  0.46968E-04  0.67752E-03  0.30456E-04 -0.96854E-03  0.00000E+00 -0.00000E+00
  0.26350E+02  0.43811E-04 -0.27021E-02  0.47649E-04 -0.55102E-04  0.29492E-04 -0.86393E-03  0.00000E+00 -0.00000E+00
  0.26400E+02  0.42435E-04 -0.30981E-02  0.48302E-04  0.98680E-03  0.28546E-04  0.29327E-03  0.00000E+00 -0.00000E+00
  0.26450E+02  0.41076E-04 -0.33887E-02  0.48928E-04  0.17882E-02  0.27619E-04  0.20633E-02  0.00000E+00 -0.00000E+00
  0.26500E+02  0.39734E-04 -0.32126E-02  0.49525E-04  0.19515E-02  0.26710E-04  0.31798E-02  0.00000E+00 -0.00000E+00
  0.26550E+02  0.38409E-04 -0.28768E-02  0.50095E-04  0.16878E-02  0.25820E-04  0.27530E-02  0.00000E+00 -0.00000E+00
  0.26600E+02  0.37100E-04 -0.23772E-02  0.50639E-04  0.16027E-02  0.24950E-04  0.14080E-02  0.00000E+00 -0.00000E+00
  0.26650E+02  0.35808E-04 -0.22059E-02  0.51156E-04  0.16085E-02  0.24100E-04 -0.39461E-03  0.00000E+00 -0.00000E+00
  0.26700E+02  0.34532E-04 -0.21006E-02  0.51647E-04  0.13694E-02  0.23270E-04 -0.14420E-02  0.00000E+00 -0.00000E+00
  0.26750E+02  0.33273E-04 -0.22449E-02  0.52112E-04  0.14218E-02  0.22460E-04 -0.18121E-02  0.00000E+00 -0.00000E+00
  0.26800E+02  0.32030E-04 -0.28135E-02  0.52553E-04  0.22485E-02  0.21671E-04 -0.11847E-02  0.00000E+00 -0.00000E+00
  0.26850E+02  0.30802E-04 -0.34523E-02  0.52969E-04  0.30392E-02  0.20902E-04 -0.37025E-03  0.00000E+00 -0.00000E+00
  0.26900E+02  0.29590E-04 -0.39319E-02  0.53361E-04  0.42282E-02  0.20155E-04  0.34438E-03  0.00000E+00 -0.00000E+00
  0.26950E+02  0.28393E-04 -0.35810E-02  0.53728E-04  0.51642E-02  0.19429E-04  0.71916E-03  0.00000E+00 -0.00000E+00
  0.27000E+02  0.27211E-04 -0.25859E-02  0.54073E-04  0.61357E-02  0.18724E-04  0.51868E-03  0.00000E+00 -0.00000E+00
  0.27050E+02  0.26044E-04 -0.14257E-02  0.54394E-04  0.62836E-02  0.18042E-04  0.26989E-03  0.00000E+00 -0.00000E+00
  0.27100E+02  0.24892E-04 -0.82415E-03  0.54693E-04  0.61179E-02  0.17381E-04 -0.51272E-03  0.00000E+00 -0.00000E+00
  0.27150E+02  0.23755E-04 -0.12886E-02  0.54970E-04  0.49167E-02  0.16742E-04 -0.96114E-03  0.00000E+00 -0.00000E+00
  0.27200E+02  0.22632E-04 -0.23692E-02  0.55226E-04  0.37525E-02  0.16126E-04 -0.10492E-02  0.00000E+00 -0.00000E+00
  0.27250E+02  0.21523E-04 -0.33880E-02  0.55461E-04  0.19735E-02  0.15532E-04 -0.42664E-03  0.00000E+00 -0.00000E+00
  0.27300E+02  0.20427E-04 -0.34298E-02  0.55676E-04  0.77247E-03  0.14961E-04  0.56612E-03  0.00000E+00 -0.00000E+00
  0.27350E+02  0.19346E-04 -0.28564E-02  0.55870E-04  0.30799E-03  0.14413E-04  0.11954E-02  0.00000E+00 -0.00000E+00
  0.27400E+02  0.18277E-04 -0.22086E-02  0.56044E-04  0.78512E-03  0.13887E-04  0.12730E-02  0.00000E+00 -0.00000E+00
  0.27450E+02  0.17222E-04 -0.16547E-02  0.56200E-04  0.21989E-02  0.13384E-04  0.52512E-03  0.00000E+00 -0.00000E+00
  0.27500E+02  0.16180E-04 -0.11233E-02  0.56337E-04  0.30391E-02  0.12904E-04 -0.53609E-03  0.00000E+00 -0.00000E+00
  0.27550E+02  0.15151E-04 -0.64155E-03  0.56456E-04  0.28904E-02  0.12447E-04 -0.13560E-02  0.00000E+00 -0.00000E+00
  0.27600E+02  0.14134E-04 -0.43863E-03  0.56558E-04  0.20352E-02  0.12013E-04 -0.12292E-02  0.00000E+00 -0.00000E+00
  0.27650E+02  0.13130E-04 -0.92535E-03  0.56642E-04  0.12551E-02  0.11602E-04 -0.24462E-03  0.00000E+00 -0.00000E+00
  0.27700E+02  0.12138E-04 -0.15486E-02  0.56710E-04  0.57355E-03  0.11213E-04  0.64190E-03  0.00000E+00 -0.00000E+00
  0.27750E+02  0.11158E-04 -0.21205E-02  0.56762E-04  0.11100E-02  0.10848E-04  0.86057E-03  0.00000E+00 -0.00000E+00
  0.27800E+02  0.10189E-04 -0.19189E-02  0.56798E-04  0.19606E-02  0.10505E-04  0.32989E-03  0.00000E+00 -0.00000E+00
  0.27850E+02  0.92322E-05 -0.11995E-02  0.56819E-04  0.36943E-02  0.10185E-04  0.26463E-04  0.00000E+00 -0.00000E+00
  0.27900E+02  0.82867E-05 -0.16959E-03  0.56825E-04  0.53725E-02  0.98877E-05  0.18931E-03  0.00000E+00 -0.00000E+00
  0.27950E+02  0.73520E-05  0.40366E-03  0.56817E-04  0.58143E-02  0.96126E-05  0.57076E-03  0.00000E+00 -0.00000E+00
  0.28000E+02  0.64283E-05 -0.13537E-04  0.56796E-04  0.62196E-02  0.93597E-05  0.88980E-03  0.00000E+00 -0.00000E+00
  0.28050E+02  0.55155E-05 -0.10480E-02  0.56760E-04  0.63826E-02  0.91287E-05  0.16710E-02  0.00000E+00 -0.00000E+00
  0.28100E+02  0.46131E-05 -0.21061E-02  0.56713E-04  0.71017E-02  0.89195E-05  0.25695E-02  0.00000E+00 -0.00000E+00
  0.28150E+02  0.37209E-05 -0.25638E-02  0.56652E-04  0.67158E-02  0.87317E-05  0.29400E-02  0.00000E+00 -0.00000E+00
  0.28200E+02  0.28390E-05 -0.25077E-02  0.56580E-04  0.51233E-02  0.85654E-05  0.28011E-02  0.00000E+00 -0.00000E+00
  0.28250E+02  0.19668E-05 -0.21289E-02  0.56497E-04  0.31057E-02  0.84198E-05  0.20161E-02  0.00000E+00 -0.00000E+00
  0.28300E+02  0.11047E-05 -0.16247E-02  0.56402E-04  0.20459E-02  0.82950E-05  0.18116E-02  0.00000E+00 -0.00000E+00
  0.28350E+02  0.25201E-06 -0.12619E-02  0.56297E-04  0.23683E-02  0.81904E-05  0.19842E-02  0.00000E+00 -0.00000E+00
  0.28400E+02 -0.59131E-06 -0.12281E-02  0.56181E-04  0.31731E-02  0.81058E-05  0.20859E-02  0.00000E+00 -0.00000E+00
  0.28450E+02 -0.14254E-05 -0.14082E-02  0.56056E-04  0.36346E-02  0.80409E-05  0.20714E-02  0.00000E+00 -0.00000E+00
  0.28500E+02 -0.22505E-05 -0.17210E-02  0.55921E-04  0.27779E-02  0.79950E-05  0.13808E-02  0.00000E+00 -0.00000E+00
  0.28550E+02 -0.30667E-05 -0.18599E-02  0.55778E-04  0.17999E-02  0.79680E-05  0.17183E-02  0.00000E+00 -0.00000E+00
  0.28600E+02 -0.38740E-05 -0.16493E-02  0.55626E-04  0.73376E-03  0.79594E-05  0.21098E-02  0.00000E+00 -0.00000E+00
  0.28650E+02 -0.46731E-05 -0.11901E-02  0.55466E-04  0.15110E-04  0.79686E-05  0.29852E-02  0.00000E+00 -0.00000E+00
  0.28700E+02 -0.54639E-05 -0.41573E-03  0.55298E-04 -0.91965E-03  0.79953E-05  0.32408E-02  0.00000E+00 -0.00000E+00
  0.28750E+02 -0.62462E-05  0.44731E-03  0.55123E-04 -0.14654E-02  0.80392E-05  0.27681E-02  0.00000E+00 -0.00000E+00
  0.28800E+02 -0.70209E-05  0.12847E-02  0.54941E-04 -0.10979E-02  0.80994E-05  0.19922E-02  0.00000E+00 -0.00000E+00
  0.28850E+02 -0.77873E-05  0.17397E-02  0.54752E-04 -0.70576E-03  0.81758E-05  0.10036E-02  0.00000E+00 -0.00000E+00
  0.28900E+02 -0.85464E-05  0.18046E-02  0.54558E-04  0.21576E-03  0.82676E-05  0.42871E-03  0.00000E+00 -0.00000E+00
  0.28950E+02 -0.92978E-05  0.15305E-02  0.54357E-04  0.30278E-03  0.83745E-05  0.78956E-04  0.00000E+00 -0.00000E+00
  0.29000E+02 -0.10042E-04  0.14606E-02  0.54151E-04  0.16468E-03  0.84961E-05  0.12477E-03  0.00000E+00 -0.00000E+00
  0.29050E+02 -0.10778E-04  0.16197E-02  0.53940E-04  0.19568E-03  0.86315E-05  0.24602E-03  0.00000E+00 -0.00000E+00
  0.29100E+02 -0.11508E-04  0.18898E-02  0.53724E-04  0.73181E-03  0.87805E-05  0.63697E-03  0.00000E+00 -0.00000E+00
  0.29150E+02 -0.12231E-04  0.18658E-02  0.53503E-04  0.11772E-02  0.89425E-05  0.98503E-03  0.00000E+00 -0.00000E+00
  0.29200E+02 -0.12946E-04  0.15091E-02  0.53279E-04  0.17102E-02  0.91169E-05  0.80176E-03  0.00000E+00 -0.00000E+00
  0.29250E+02 -0.13655E-04  0.12110E-02  0.53051E-04  0.22533E-02  0.93033E-05  0.60477E-03  0.00000E+00 -0.00000E+00
  0.29300E+02 -0.14358E-04  0.12731E-02  0.52819E-04  0.16009E-02  0.95011E-05  0.14643E-03  0.00000E+00 -0.00000E+00
  0.29350E+02 -0.15054E-04  0.18034E-02  0.52584E-04  0.15530E-02  0.97097E-05 -0.46531E-04  0.00000E+00 -0.00000E+00
  0.29400E+02 -0.15744E-04  0.23092E-02  0.52347E-04  0.14820E-02  0.99286E-05  0.61421E-03  0.00000E+00 -0.00000E+00
  0.29450E+02 -0.16427E-04  0.27962E-02  0.52107E-04  0.22726E-02  0.10157E-04  0.76269E-03  0.00000E+00 -0.00000E+00
  0.29500E+02 -0.17105E-04  0.29922E-02  0.51864E-04  0.36078E-02  0.10395E-04  0.13920E-02  0.00000E+00 -0.00000E+00
  0.29550E+02 -0.17776E-04  0.30825E-02  0.51620E-04  0.38239E-02  0.10642E-04  0.16465E-02  0.00000E+00 -0.00000E+00
  0.29600E+02 -0.18442E-04  0.28567E-02  0.51374E-04  0.30097E-02  0.10897E-04  0.15440E-02  0.00000E+00 -0.00000E+00
  0.29650E+02 -0.19102E-04  0.25090E-02  0.51127E-04  0.21594E-02  0.11160E-04  0.14408E-02  0.00000E+00 -0.00000E+00
  0.29700E+02 -0.19756E-04  0.20275E-02  0.50879E-04  0.16532E-02  0.11430E-04  0.11790E-02  0.00000E+00 -0.00000E+00
  0.29750E+02 -0.20405E-04  0.15739E-02  0.50630E-04  0.18461E-02  0.11707E-04  0.66011E-03  0.00000E+00 -0.00000E+00
  0.29800E+02 -0.21048E-04  0.13363E-02  0.50380E-04  0.13657E-02  0.11991E-04  0.30641E-03  0.00000E+00 -0.00000E+00
  0.29850E+02 -0.21686E-04  0.11673E-02  0.50130E-04  0.30057E-03  0.12280E-04 -0.81813E-03  0.00000E+00 -0.00000E+00
  0.29900E+02 -0.22319E-04  0.13380E-02  0.49880E-04 -0.37795E-03  0.12574E-04 -0.16034E-02  0.00000E+00 -0.00000E+00
  0.29950E+02  0.00000E+00 -0.00000E+00  0.00000E+00 -0.00000E+00  0.00000E+00 -0.00000E+00  0.00000E+00 -0.00000E+00
