  0.000000E+00
  0.500000E-01
  0.100000E+00
  0.150000E+00
  0.200000E+00
  0.250000E+00
  0.300000E+00
  0.350000E+00
  0.400000E+00
  0.450000E+00
  0.500000E+00
  0.550000E+00
  0.600000E+00
  0.650000E+00
  0.700000E+00
  0.750000E+00
  0.800000E+00
  0.850000E+00
  0.900000E+00
  0.950000E+00
  0.100000E+01
  0.105000E+01
  0.110000E+01
  0.115000E+01
  0.120000E+01
  0.125000E+01
  0.130000E+01
  0.135000E+01
  0.140000E+01
  0.145000E+01
  0.150000E+01
  0.155000E+01
  0.160000E+01
  0.165000E+01
  0.170000E+01
  0.175000E+01
  0.180000E+01
  0.185000E+01
  0.190000E+01
  0.195000E+01
  0.200000E+01
  0.205000E+01
  0.210000E+01
  0.215000E+01
  0.220000E+01
  0.225000E+01
  0.230000E+01
  0.235000E+01
  0.240000E+01
  0.245000E+01
  0.250000E+01
  0.255000E+01
  0.260000E+01
  0.265000E+01
  0.270000E+01
  0.275000E+01
  0.280000E+01
  0.285000E+01
  0.290000E+01
  0.295000E+01
  0.300000E+01
  0.305000E+01
  0.310000E+01
  0.315000E+01
  0.320000E+01
  0.325000E+01
  0.330000E+01
  0.335000E+01
  0.340000E+01
  0.345000E+01
  0.350000E+01
  0.355000E+01
  0.360000E+01
  0.365000E+01
  0.370000E+01
  0.375000E+01
  0.380000E+01
  0.385000E+01
  0.390000E+01
  0.395000E+01
  0.400000E+01
  0.405000E+01
  0.410000E+01
  0.415000E+01
  0.420000E+01
  0.425000E+01
  0.430000E+01
  0.435000E+01
  0.440000E+01
  0.445000E+01
  0.450000E+01
  0.455000E+01
  0.460000E+01
  0.465000E+01
  0.470000E+01
  0.475000E+01
  0.480000E+01
  0.485000E+01
  0.490000E+01
  0.495000E+01
  0.500000E+01
  0.505000E+01
  0.510000E+01
  0.515000E+01
  0.520000E+01
  0.525000E+01
  0.530000E+01
  0.535000E+01
  0.540000E+01
  0.545000E+01
  0.550000E+01
  0.555000E+01
  0.560000E+01
  0.565000E+01
  0.570000E+01
  0.575000E+01
  0.580000E+01
  0.585000E+01
  0.590000E+01
  0.595000E+01
  0.600000E+01
  0.605000E+01
  0.610000E+01
  0.615000E+01
  0.620000E+01
  0.625000E+01
  0.630000E+01
  0.635000E+01
  0.640000E+01
  0.645000E+01
  0.650000E+01
  0.655000E+01
  0.660000E+01
  0.665000E+01
  0.670000E+01
  0.675000E+01
  0.680000E+01
  0.685000E+01
  0.690000E+01
  0.695000E+01
  0.700000E+01
  0.705000E+01
  0.710000E+01
  0.715000E+01
  0.720000E+01
  0.725000E+01
  0.730000E+01
  0.735000E+01
  0.740000E+01
  0.745000E+01
  0.750000E+01
  0.755000E+01
  0.760000E+01
  0.765000E+01
  0.770000E+01
  0.775000E+01
  0.780000E+01
  0.785000E+01
  0.790000E+01
  0.795000E+01
  0.800000E+01
  0.805000E+01
  0.810000E+01
  0.815000E+01
  0.820000E+01
  0.825000E+01
  0.830000E+01
  0.835000E+01
  0.840000E+01
  0.845000E+01
  0.850000E+01
  0.855000E+01
  0.860000E+01
  0.865000E+01
  0.870000E+01
  0.875000E+01
  0.880000E+01
  0.885000E+01
  0.890000E+01
  0.895000E+01
  0.900000E+01
  0.905000E+01
  0.910000E+01
  0.915000E+01
  0.920000E+01
  0.925000E+01
  0.930000E+01
  0.935000E+01
  0.940000E+01
  0.945000E+01
  0.950000E+01
  0.955000E+01
  0.960000E+01
  0.965000E+01
  0.970000E+01
  0.975000E+01
  0.980000E+01
  0.985000E+01
  0.990000E+01
  0.995000E+01
  0.100000E+02
  0.100500E+02
  0.101000E+02
  0.101500E+02
  0.102000E+02
  0.102500E+02
  0.103000E+02
  0.103500E+02
  0.104000E+02
  0.104500E+02
  0.105000E+02
  0.105500E+02
  0.106000E+02
  0.106500E+02
  0.107000E+02
  0.107500E+02
  0.108000E+02
  0.108500E+02
  0.109000E+02
  0.109500E+02
  0.110000E+02
  0.110500E+02
  0.111000E+02
  0.111500E+02
  0.112000E+02
  0.112500E+02
  0.113000E+02
  0.113500E+02
  0.114000E+02
  0.114500E+02
  0.115000E+02
  0.115500E+02
  0.116000E+02
  0.116500E+02
  0.117000E+02
  0.117500E+02
  0.118000E+02
  0.118500E+02
  0.119000E+02
  0.119500E+02
  0.120000E+02
  0.120500E+02
  0.121000E+02
  0.121500E+02
  0.122000E+02
  0.122500E+02
  0.123000E+02
  0.123500E+02
  0.124000E+02
  0.124500E+02
  0.125000E+02
  0.125500E+02
  0.126000E+02
  0.126500E+02
  0.127000E+02
  0.127500E+02
  0.128000E+02
  0.128500E+02
  0.129000E+02
  0.129500E+02
  0.130000E+02
  0.130500E+02
  0.131000E+02
  0.131500E+02
  0.132000E+02
  0.132500E+02
  0.133000E+02
  0.133500E+02
  0.134000E+02
  0.134500E+02
  0.135000E+02
  0.135500E+02
  0.136000E+02
  0.136500E+02
  0.137000E+02
  0.137500E+02
  0.138000E+02
  0.138500E+02
  0.139000E+02
  0.139500E+02
  0.140000E+02
  0.140500E+02
  0.141000E+02
  0.141500E+02
  0.142000E+02
  0.142500E+02
  0.143000E+02
  0.143500E+02
  0.144000E+02
  0.144500E+02
  0.145000E+02
  0.145500E+02
  0.146000E+02
  0.146500E+02
  0.147000E+02
  0.147500E+02
  0.148000E+02
  0.148500E+02
  0.149000E+02
  0.149500E+02
  0.150000E+02
  0.150500E+02
  0.151000E+02
  0.151500E+02
  0.152000E+02
  0.152500E+02
  0.153000E+02
  0.153500E+02
  0.154000E+02
  0.154500E+02
  0.155000E+02
  0.155500E+02
  0.156000E+02
  0.156500E+02
  0.157000E+02
  0.157500E+02
  0.158000E+02
  0.158500E+02
  0.159000E+02
  0.159500E+02
  0.160000E+02
  0.160500E+02
  0.161000E+02
  0.161500E+02
  0.162000E+02
  0.162500E+02
  0.163000E+02
  0.163500E+02
  0.164000E+02
  0.164500E+02
  0.165000E+02
  0.165500E+02
  0.166000E+02
  0.166500E+02
  0.167000E+02
  0.167500E+02
  0.168000E+02
  0.168500E+02
  0.169000E+02
  0.169500E+02
  0.170000E+02
  0.170500E+02
  0.171000E+02
  0.171500E+02
  0.172000E+02
  0.172500E+02
  0.173000E+02
  0.173500E+02
  0.174000E+02
  0.174500E+02
  0.175000E+02
  0.175500E+02
  0.176000E+02
  0.176500E+02
  0.177000E+02
  0.177500E+02
  0.178000E+02
  0.178500E+02
  0.179000E+02
  0.179500E+02
  0.180000E+02
  0.180500E+02
  0.181000E+02
  0.181500E+02
  0.182000E+02
  0.182500E+02
  0.183000E+02
  0.183500E+02
  0.184000E+02
  0.184500E+02
  0.185000E+02
  0.185500E+02
  0.186000E+02
  0.186500E+02
  0.187000E+02
  0.187500E+02
  0.188000E+02
  0.188500E+02
  0.189000E+02
  0.189500E+02
  0.190000E+02
  0.190500E+02
  0.191000E+02
  0.191500E+02
  0.192000E+02
  0.192500E+02
  0.193000E+02
  0.193500E+02
  0.194000E+02
  0.194500E+02
  0.195000E+02
  0.195500E+02
  0.196000E+02
  0.196500E+02
  0.197000E+02
  0.197500E+02
  0.198000E+02
  0.198500E+02
  0.199000E+02
  0.199500E+02
  0.200000E+02
  0.200500E+02
  0.201000E+02
  0.201500E+02
  0.202000E+02
  0.202500E+02
  0.203000E+02
  0.203500E+02
  0.204000E+02
  0.204500E+02
  0.205000E+02
  0.205500E+02
  0.206000E+02
  0.206500E+02
  0.207000E+02
  0.207500E+02
  0.208000E+02
  0.208500E+02
  0.209000E+02
  0.209500E+02
  0.210000E+02
  0.210500E+02
  0.211000E+02
  0.211500E+02
  0.212000E+02
  0.212500E+02
  0.213000E+02
  0.213500E+02
  0.214000E+02
  0.214500E+02
  0.215000E+02
  0.215500E+02
  0.216000E+02
  0.216500E+02
  0.217000E+02
  0.217500E+02
  0.218000E+02
  0.218500E+02
  0.219000E+02
  0.219500E+02
  0.220000E+02
  0.220500E+02
  0.221000E+02
  0.221500E+02
  0.222000E+02
  0.222500E+02
  0.223000E+02
  0.223500E+02
  0.224000E+02
  0.224500E+02
  0.225000E+02
  0.225500E+02
  0.226000E+02
  0.226500E+02
  0.227000E+02
  0.227500E+02
  0.228000E+02
  0.228500E+02
  0.229000E+02
  0.229500E+02
  0.230000E+02
  0.230500E+02
  0.231000E+02
  0.231500E+02
  0.232000E+02
  0.232500E+02
  0.233000E+02
  0.233500E+02
  0.234000E+02
  0.234500E+02
  0.235000E+02
  0.235500E+02
  0.236000E+02
  0.236500E+02
  0.237000E+02
  0.237500E+02
  0.238000E+02
  0.238500E+02
  0.239000E+02
  0.239500E+02
  0.240000E+02
  0.240500E+02
  0.241000E+02
  0.241500E+02
  0.242000E+02
  0.242500E+02
  0.243000E+02
  0.243500E+02
  0.244000E+02
  0.244500E+02
  0.245000E+02
  0.245500E+02
  0.246000E+02
  0.246500E+02
  0.247000E+02
  0.247500E+02
  0.248000E+02
  0.248500E+02
  0.249000E+02
  0.249500E+02
  0.250000E+02
  0.250500E+02
  0.251000E+02
  0.251500E+02
  0.252000E+02
  0.252500E+02
  0.253000E+02
  0.253500E+02
  0.254000E+02
  0.254500E+02
  0.255000E+02
  0.255500E+02
  0.256000E+02
  0.256500E+02
  0.257000E+02
  0.257500E+02
  0.258000E+02
  0.258500E+02
  0.259000E+02
  0.259500E+02
  0.260000E+02
  0.260500E+02
  0.261000E+02
  0.261500E+02
  0.262000E+02
  0.262500E+02
  0.263000E+02
  0.263500E+02
  0.264000E+02
  0.264500E+02
  0.265000E+02
  0.265500E+02
  0.266000E+02
  0.266500E+02
  0.267000E+02
  0.267500E+02
  0.268000E+02
  0.268500E+02
  0.269000E+02
  0.269500E+02
  0.270000E+02
  0.270500E+02
  0.271000E+02
  0.271500E+02
  0.272000E+02
  0.272500E+02
  0.273000E+02
  0.273500E+02
  0.274000E+02
  0.274500E+02
  0.275000E+02
  0.275500E+02
  0.276000E+02
  0.276500E+02
  0.277000E+02
  0.277500E+02
  0.278000E+02
  0.278500E+02
  0.279000E+02
  0.279500E+02
  0.280000E+02
  0.280500E+02
  0.281000E+02
  0.281500E+02
  0.282000E+02
  0.282500E+02
  0.283000E+02
  0.283500E+02
  0.284000E+02
  0.284500E+02
  0.285000E+02
  0.285500E+02
  0.286000E+02
  0.286500E+02
  0.287000E+02
  0.287500E+02
  0.288000E+02
  0.288500E+02
  0.289000E+02
  0.289500E+02
  0.290000E+02
  0.290500E+02
  0.291000E+02
  0.291500E+02
  0.292000E+02
  0.292500E+02
  0.293000E+02
  0.293500E+02
  0.294000E+02
  0.294500E+02
  0.295000E+02
  0.295500E+02
  0.296000E+02
  0.296500E+02
  0.297000E+02
  0.297500E+02
  0.298000E+02
  0.298500E+02
  0.299000E+02
  0.299500E+02
